#XList		#YList		#IList		
0.000000	0.079792	67.779976
0.500000	0.079792	66.046089
1.000000	0.079792	72.455124
1.500000	0.079792	66.165657
2.000000	0.079792	73.805183
2.500000	0.079792	72.159264
3.000000	0.079792	77.415527
3.500000	0.079792	70.631538
4.000000	0.079792	65.278969
4.500000	0.079792	70.682068
5.000000	0.079792	66.924728
5.500000	0.079792	77.704338
6.000000	0.079792	73.276169
6.500000	0.079792	69.603897
7.000000	0.079792	73.759842
7.500000	0.079792	63.533703
8.000000	0.079792	85.668869
8.500000	0.079792	61.928741
9.000000	0.079792	66.796066
9.500000	0.079792	57.049282
10.000000	0.079792	66.707321
0.000000	0.579792	72.278130
0.500000	0.579792	67.531876
1.000000	0.579792	74.327972
1.500000	0.579792	72.785721
2.000000	0.579792	73.709274
2.500000	0.579792	68.899933
3.000000	0.579792	68.791695
3.500000	0.579792	74.964630
4.000000	0.579792	71.033119
4.500000	0.579792	61.703991
5.000000	0.579792	76.566711
5.500000	0.579792	69.047844
6.000000	0.579792	74.187927
6.500000	0.579792	65.453712
7.000000	0.579792	73.180069
7.500000	0.579792	64.019035
8.000000	0.579792	62.809303
8.500000	0.579792	73.524536
9.000000	0.579792	65.235954
9.500000	0.579792	61.868862
10.000000	0.579792	68.591835
0.000000	1.079792	73.979958
0.500000	1.079792	80.438011
1.000000	1.079792	78.335823
1.500000	1.079792	70.068489
2.000000	1.079792	72.974480
2.500000	1.079792	76.007736
3.000000	1.079792	67.841454
3.500000	1.079792	66.588211
4.000000	1.079792	72.181969
4.500000	1.079792	63.229923
5.000000	1.079792	67.550262
5.500000	1.079792	82.456520
6.000000	1.079792	79.029747
6.500000	1.079792	66.946205
7.000000	1.079792	69.051308
7.500000	1.079792	69.840370
8.000000	1.079792	67.087341
8.500000	1.079792	68.517204
9.000000	1.079792	71.102158
9.500000	1.079792	72.558144
10.000000	1.079792	65.224945
0.000000	1.579792	67.687843
0.500000	1.579792	69.441536
1.000000	1.579792	72.954491
1.500000	1.579792	66.342216
2.000000	1.579792	69.746658
2.500000	1.579792	81.038986
3.000000	1.579792	73.406105
3.500000	1.579792	68.542526
4.000000	1.579792	71.073685
4.500000	1.579792	71.322487
5.000000	1.579792	76.013367
5.500000	1.579792	74.284271
6.000000	1.579792	63.634632
6.500000	1.579792	61.076344
7.000000	1.579792	71.312050
7.500000	1.579792	66.944008
8.000000	1.579792	77.330414
8.500000	1.579792	70.038612
9.000000	1.579792	62.371609
9.500000	1.579792	60.510399
10.000000	1.579792	72.027855
0.000000	2.079792	77.101639
0.500000	2.079792	74.358727
1.000000	2.079792	73.272110
1.500000	2.079792	75.488602
2.000000	2.079792	73.255424
2.500000	2.079792	70.571472
3.000000	2.079792	68.268814
3.500000	2.079792	64.220963
4.000000	2.079792	64.918007
4.500000	2.079792	70.435883
5.000000	2.079792	77.594109
5.500000	2.079792	66.053452
6.000000	2.079792	72.819908
6.500000	2.079792	76.734154
7.000000	2.079792	77.087349
7.500000	2.079792	62.307644
8.000000	2.079792	67.442535
8.500000	2.079792	77.005554
9.000000	2.079792	65.909752
9.500000	2.079792	58.691212
10.000000	2.079792	70.859467
0.000000	2.579792	65.557144
0.500000	2.579792	69.544647
1.000000	2.579792	68.988213
1.500000	2.579792	83.309853
2.000000	2.579792	72.559341
2.500000	2.579792	64.280411
3.000000	2.579792	74.591019
3.500000	2.579792	69.023254
4.000000	2.579792	73.972427
4.500000	2.579792	64.879120
5.000000	2.579792	64.921524
5.500000	2.579792	72.977974
6.000000	2.579792	66.291046
6.500000	2.579792	73.359627
7.000000	2.579792	72.541702
7.500000	2.579792	70.438225
8.000000	2.579792	66.913750
8.500000	2.579792	70.279335
9.000000	2.579792	72.059891
9.500000	2.579792	65.858345
10.000000	2.579792	68.530670
0.000000	3.079792	71.009644
0.500000	3.079792	69.430367
1.000000	3.079792	66.191292
1.500000	3.079792	77.967735
2.000000	3.079792	71.189178
2.500000	3.079792	78.997849
3.000000	3.079792	72.675789
3.500000	3.079792	62.627499
4.000000	3.079792	79.372871
4.500000	3.079792	59.288986
5.000000	3.079792	70.100075
5.500000	3.079792	67.290771
6.000000	3.079792	65.928795
6.500000	3.079792	34.815536
7.000000	3.079792	80.047417
7.500000	3.079792	75.644470
8.000000	3.079792	70.055832
8.500000	3.079792	58.260132
9.000000	3.079792	73.154938
9.500000	3.079792	70.474968
10.000000	3.079792	62.744118
0.000000	3.579792	64.969574
0.500000	3.579792	70.752548
1.000000	3.579792	86.581039
1.500000	3.579792	75.270500
2.000000	3.579792	76.803520
2.500000	3.579792	59.877594
3.000000	3.579792	69.013771
3.500000	3.579792	71.702652
4.000000	3.579792	68.264107
4.500000	3.579792	64.479469
5.000000	3.579792	71.492828
5.500000	3.579792	73.715874
6.000000	3.579792	65.554550
6.500000	3.579792	69.556381
7.000000	3.579792	61.809090
7.500000	3.579792	81.531044
8.000000	3.579792	64.305092
8.500000	3.579792	45.529945
9.000000	3.579792	72.530991
9.500000	3.579792	60.435158
10.000000	3.579792	68.601776
0.000000	4.079792	63.306465
0.500000	4.079792	71.286484
1.000000	4.079792	72.382599
1.500000	4.079792	73.225555
2.000000	4.079792	60.492981
2.500000	4.079792	66.174820
3.000000	4.079792	65.476326
3.500000	4.079792	71.261177
4.000000	4.079792	58.505383
4.500000	4.079792	61.607067
5.000000	4.079792	71.788055
5.500000	4.079792	64.801643
6.000000	4.079792	64.651070
6.500000	4.079792	64.154274
7.000000	4.079792	65.950462
7.500000	4.079792	72.872772
8.000000	4.079792	77.507286
8.500000	4.079792	77.927315
9.000000	4.079792	75.743141
9.500000	4.079792	69.162491
10.000000	4.079792	69.505119
0.000000	4.579792	67.730339
0.500000	4.579792	82.055214
1.000000	4.579792	71.380005
1.500000	4.579792	77.138000
2.000000	4.579792	67.913231
2.500000	4.579792	71.146393
3.000000	4.579792	72.439140
3.500000	4.579792	71.298668
4.000000	4.579792	58.520580
4.500000	4.579792	70.717819
5.000000	4.579792	72.879219
5.500000	4.579792	52.375607
6.000000	4.579792	61.066021
6.500000	4.579792	80.579048
7.000000	4.579792	66.226334
7.500000	4.579792	50.174458
8.000000	4.579792	64.227669
8.500000	4.579792	62.871639
9.000000	4.579792	72.668686
9.500000	4.579792	60.645496
10.000000	4.579792	71.467728
0.000000	5.079792	71.809326
0.500000	5.079792	68.104263
1.000000	5.079792	70.123596
1.500000	5.079792	68.019981
2.000000	5.079792	70.082687
2.500000	5.079792	71.301140
3.000000	5.079792	63.899879
3.500000	5.079792	71.855743
4.000000	5.079792	68.022591
4.500000	5.079792	65.917679
5.000000	5.079792	66.592323
5.500000	5.079792	67.642952
6.000000	5.079792	56.436962
6.500000	5.079792	71.258286
7.000000	5.079792	73.036293
7.500000	5.079792	64.060173
8.000000	5.079792	76.810226
8.500000	5.079792	74.034775
9.000000	5.079792	72.503761
9.500000	5.079792	73.490791
10.000000	5.079792	76.520866
0.000000	5.579792	69.384125
0.500000	5.579792	71.536156
1.000000	5.579792	71.590965
1.500000	5.579792	65.885918
2.000000	5.579792	70.830383
2.500000	5.579792	70.329575
3.000000	5.579792	71.641426
3.500000	5.579792	68.730774
4.000000	5.579792	76.101189
4.500000	5.579792	77.408615
5.000000	5.579792	67.283905
5.500000	5.579792	65.031754
6.000000	5.579792	64.953133
6.500000	5.579792	70.278419
7.000000	5.579792	76.403580
7.500000	5.579792	68.640182
8.000000	5.579792	68.465225
8.500000	5.579792	65.988289
9.000000	5.579792	73.098030
9.500000	5.579792	66.831741
10.000000	5.579792	74.642929
0.000000	6.079792	70.789337
0.500000	6.079792	72.557030
1.000000	6.079792	67.175713
1.500000	6.079792	63.402653
2.000000	6.079792	64.803093
2.500000	6.079792	70.337906
3.000000	6.079792	72.086044
3.500000	6.079792	69.084167
4.000000	6.079792	64.608749
4.500000	6.079792	61.305317
5.000000	6.079792	72.066765
5.500000	6.079792	65.271843
6.000000	6.079792	67.463242
6.500000	6.079792	65.383553
7.000000	6.079792	74.537064
7.500000	6.079792	72.151184
8.000000	6.079792	74.189545
8.500000	6.079792	68.639816
9.000000	6.079792	65.423233
9.500000	6.079792	75.983490
10.000000	6.079792	79.191261
0.000000	6.579792	67.455734
0.500000	6.579792	72.473763
1.000000	6.579792	73.943726
1.500000	6.579792	74.601250
2.000000	6.579792	73.206459
2.500000	6.579792	69.775673
3.000000	6.579792	73.184822
3.500000	6.579792	63.070095
4.000000	6.579792	65.222900
4.500000	6.579792	73.608994
5.000000	6.579792	63.546108
5.500000	6.579792	67.010071
6.000000	6.579792	71.075043
6.500000	6.579792	65.550903
7.000000	6.579792	67.758873
7.500000	6.579792	70.109833
8.000000	6.579792	67.189850
8.500000	6.579792	67.737213
9.000000	6.579792	68.519798
9.500000	6.579792	62.640205
10.000000	6.579792	64.703468
0.000000	7.079792	70.509781
0.500000	7.079792	74.039146
1.000000	7.079792	72.889801
1.500000	7.079792	64.954506
2.000000	7.079792	71.172813
2.500000	7.079792	71.765305
3.000000	7.079792	65.760651
3.500000	7.079792	68.749512
4.000000	7.079792	68.632614
4.500000	7.079792	67.936127
5.000000	7.079792	63.708321
5.500000	7.079792	61.518269
6.000000	7.079792	71.654175
6.500000	7.079792	79.862328
7.000000	7.079792	72.223816
7.500000	7.079792	65.976578
8.000000	7.079792	70.525772
8.500000	7.079792	71.864487
9.000000	7.079792	76.033600
9.500000	7.079792	63.972980
10.000000	7.079792	57.208893
0.000000	7.579792	65.433540
0.500000	7.579792	58.198124
1.000000	7.579792	66.174103
1.500000	7.579792	66.081573
2.000000	7.579792	75.483566
2.500000	7.579792	76.274757
3.000000	7.579792	69.664917
3.500000	7.579792	63.981995
4.000000	7.579792	64.207497
4.500000	7.579792	76.713676
5.000000	7.579792	61.143494
5.500000	7.579792	67.128693
6.000000	7.579792	71.220932
6.500000	7.579792	72.044373
7.000000	7.579792	77.602135
7.500000	7.579792	66.259392
8.000000	7.579792	72.310936
8.500000	7.579792	74.180794
9.000000	7.579792	79.863716
9.500000	7.579792	83.158676
10.000000	7.579792	74.442101
0.000000	8.079792	74.171440
0.500000	8.079792	64.352348
1.000000	8.079792	73.276680
1.500000	8.079792	68.234406
2.000000	8.079792	75.997192
2.500000	8.079792	70.109192
3.000000	8.079792	68.648941
3.500000	8.079792	61.160343
4.000000	8.079792	73.526535
4.500000	8.079792	73.338554
5.000000	8.079792	65.444160
5.500000	8.079792	63.798664
6.000000	8.079792	72.193504
6.500000	8.079792	76.607063
7.000000	8.079792	71.120567
7.500000	8.079792	71.959984
8.000000	8.079792	64.112526
8.500000	8.079792	75.300575
9.000000	8.079792	61.108803
9.500000	8.079792	65.484192
10.000000	8.079792	69.532082
0.000000	8.579792	68.366356
0.500000	8.579792	69.613754
1.000000	8.579792	66.787369
1.500000	8.579792	68.853691
2.000000	8.579792	64.882240
2.500000	8.579792	73.321236
3.000000	8.579792	72.508430
3.500000	8.579792	63.708237
4.000000	8.579792	63.626244
4.500000	8.579792	68.469261
5.000000	8.579792	69.060440
5.500000	8.579792	79.126640
6.000000	8.579792	65.198410
6.500000	8.579792	62.684769
7.000000	8.579792	74.261551
7.500000	8.579792	66.100517
8.000000	8.579792	71.333092
8.500000	8.579792	55.614243
9.000000	8.579792	71.236595
9.500000	8.579792	71.231903
10.000000	8.579792	77.586655
0.000000	9.079792	68.862671
0.500000	9.079792	69.575943
1.000000	9.079792	61.692478
1.500000	9.079792	75.256767
2.000000	9.079792	69.659065
2.500000	9.079792	69.218430
3.000000	9.079792	69.982544
3.500000	9.079792	55.718632
4.000000	9.079792	62.403629
4.500000	9.079792	70.643494
5.000000	9.079792	77.538811
5.500000	9.079792	70.328697
6.000000	9.079792	61.451805
6.500000	9.079792	67.988739
7.000000	9.079792	65.037445
7.500000	9.079792	71.615776
8.000000	9.079792	67.119774
8.500000	9.079792	69.127556
9.000000	9.079792	75.934708
9.500000	9.079792	65.890610
10.000000	9.079792	72.067490
0.000000	9.579792	71.691124
0.500000	9.579792	64.695381
1.000000	9.579792	69.205292
1.500000	9.579792	66.929756
2.000000	9.579792	74.362213
2.500000	9.579792	71.220261
3.000000	9.579792	104.314659
3.500000	9.579792	73.464798
4.000000	9.579792	70.099274
4.500000	9.579792	71.852303
5.000000	9.579792	69.285980
5.500000	9.579792	56.504059
6.000000	9.579792	76.253235
6.500000	9.579792	67.753311
7.000000	9.579792	64.058571
7.500000	9.579792	61.672146
8.000000	9.579792	71.550026
8.500000	9.579792	70.200653
9.000000	9.579792	65.706749
9.500000	9.579792	70.333488
10.000000	9.579792	72.977509
0.000000	10.079792	75.976212
0.500000	10.079792	79.174904
1.000000	10.079792	68.770058
1.500000	10.079792	78.314011
2.000000	10.079792	69.925629
2.500000	10.079792	68.554642
3.000000	10.079792	73.346092
3.500000	10.079792	67.820328
4.000000	10.079792	79.452141
4.500000	10.079792	65.898468
5.000000	10.079792	67.842644
5.500000	10.079792	71.228279
6.000000	10.079792	66.813362
6.500000	10.079792	73.959381
7.000000	10.079792	68.568825
7.500000	10.079792	66.678200
8.000000	10.079792	75.347107
8.500000	10.079792	63.996952
9.000000	10.079792	71.859962
9.500000	10.079792	74.227448
10.000000	10.079792	68.346832
