#XList		#YList		#IList		
0.000000	0.079792	252.293472
0.500000	0.079792	239.263306
1.000000	0.079792	184.507553
1.500000	0.079792	338.085693
2.000000	0.079792	264.265289
2.500000	0.079792	312.731262
3.000000	0.079792	309.905518
3.500000	0.079792	344.159363
4.000000	0.079792	440.496979
4.500000	0.079792	380.517914
5.000000	0.079792	179.039703
5.500000	0.079792	336.410797
6.000000	0.079792	310.990601
6.500000	0.079792	360.200134
7.000000	0.079792	437.296661
7.500000	0.079792	332.723816
8.000000	0.079792	460.824036
8.500000	0.079792	383.062469
9.000000	0.079792	331.732086
9.500000	0.079792	559.571228
10.000000	0.079792	340.418610
0.000000	0.579792	338.481445
0.500000	0.579792	358.251648
1.000000	0.579792	373.223358
1.500000	0.579792	433.720123
2.000000	0.579792	367.691620
2.500000	0.579792	331.441864
3.000000	0.579792	408.103363
3.500000	0.579792	279.555145
4.000000	0.579792	294.272522
4.500000	0.579792	378.581482
5.000000	0.579792	469.982544
5.500000	0.579792	321.355682
6.000000	0.579792	176.340561
6.500000	0.579792	236.598953
7.000000	0.579792	124.492607
7.500000	0.579792	379.555023
8.000000	0.579792	441.692017
8.500000	0.579792	340.391388
9.000000	0.579792	250.777008
9.500000	0.579792	172.624435
10.000000	0.579792	291.714813
0.000000	1.079792	341.123383
0.500000	1.079792	224.920853
1.000000	1.079792	298.383026
1.500000	1.079792	323.671143
2.000000	1.079792	379.426361
2.500000	1.079792	264.815674
3.000000	1.079792	213.450241
3.500000	1.079792	418.955994
4.000000	1.079792	259.473206
4.500000	1.079792	364.210052
5.000000	1.079792	186.597855
5.500000	1.079792	201.773758
6.000000	1.079792	211.697037
6.500000	1.079792	428.623291
7.000000	1.079792	249.326736
7.500000	1.079792	378.199371
8.000000	1.079792	378.291351
8.500000	1.079792	296.477661
9.000000	1.079792	249.069489
9.500000	1.079792	143.128479
10.000000	1.079792	289.749725
0.000000	1.579792	292.590973
0.500000	1.579792	373.934113
1.000000	1.579792	292.993896
1.500000	1.579792	441.929657
2.000000	1.579792	326.608337
2.500000	1.579792	253.261902
3.000000	1.579792	340.082092
3.500000	1.579792	395.488159
4.000000	1.579792	337.431305
4.500000	1.579792	314.827911
5.000000	1.579792	291.583160
5.500000	1.579792	305.591980
6.000000	1.579792	383.004425
6.500000	1.579792	341.762878
7.000000	1.579792	337.614960
7.500000	1.579792	381.143066
8.000000	1.579792	302.524017
8.500000	1.579792	329.881378
9.000000	1.579792	286.460938
9.500000	1.579792	237.817947
10.000000	1.579792	233.019608
0.000000	2.079792	330.464386
0.500000	2.079792	177.992538
1.000000	2.079792	203.845718
1.500000	2.079792	90.566948
2.000000	2.079792	256.865051
2.500000	2.079792	401.291168
3.000000	2.079792	432.730164
3.500000	2.079792	278.464661
4.000000	2.079792	395.042297
4.500000	2.079792	240.376099
5.000000	2.079792	318.614807
5.500000	2.079792	297.975189
6.000000	2.079792	216.957901
6.500000	2.079792	198.129349
7.000000	2.079792	244.199585
7.500000	2.079792	462.097870
8.000000	2.079792	286.977783
8.500000	2.079792	106.743935
9.000000	2.079792	327.318481
9.500000	2.079792	702.801758
10.000000	2.079792	372.617615
0.000000	2.579792	412.843079
0.500000	2.579792	410.267181
1.000000	2.579792	343.538483
1.500000	2.579792	306.895905
2.000000	2.579792	359.330933
2.500000	2.579792	444.089752
3.000000	2.579792	267.496552
3.500000	2.579792	328.472687
4.000000	2.579792	259.555664
4.500000	2.579792	330.477295
5.000000	2.579792	323.461517
5.500000	2.579792	444.251129
6.000000	2.579792	268.635651
6.500000	2.579792	147.395279
7.000000	2.579792	409.287567
7.500000	2.579792	445.346710
8.000000	2.579792	406.012817
8.500000	2.579792	310.536285
9.000000	2.579792	505.329010
9.500000	2.579792	407.518311
10.000000	2.579792	235.505280
0.000000	3.079792	387.747162
0.500000	3.079792	290.246033
1.000000	3.079792	477.879883
1.500000	3.079792	326.646149
2.000000	3.079792	364.479706
2.500000	3.079792	272.948761
3.000000	3.079792	482.032867
3.500000	3.079792	323.554993
4.000000	3.079792	221.927658
4.500000	3.079792	178.424744
5.000000	3.079792	382.782837
5.500000	3.079792	367.941925
6.000000	3.079792	478.753418
6.500000	3.079792	96.005333
7.000000	3.079792	466.816650
7.500000	3.079792	547.168213
8.000000	3.079792	515.540527
8.500000	3.079792	350.213867
9.000000	3.079792	514.874817
9.500000	3.079792	368.278687
10.000000	3.079792	49.579792
0.000000	3.579792	249.133759
0.500000	3.579792	231.506744
1.000000	3.579792	294.408325
1.500000	3.579792	237.458221
2.000000	3.579792	219.835632
2.500000	3.579792	269.263306
3.000000	3.579792	263.617035
3.500000	3.579792	330.493164
4.000000	3.579792	203.716553
4.500000	3.579792	541.745422
5.000000	3.579792	510.710938
5.500000	3.579792	506.587494
6.000000	3.579792	348.599060
6.500000	3.579792	224.293365
7.000000	3.579792	246.324097
7.500000	3.579792	351.726379
8.000000	3.579792	447.593353
8.500000	3.579792	61.245251
9.000000	3.579792	67.488914
9.500000	3.579792	41.966564
10.000000	3.579792	29.874269
0.000000	4.079792	306.285706
0.500000	4.079792	288.787720
1.000000	4.079792	410.150299
1.500000	4.079792	441.725372
2.000000	4.079792	603.769714
2.500000	4.079792	576.789185
3.000000	4.079792	429.645264
3.500000	4.079792	422.253815
4.000000	4.079792	446.255188
4.500000	4.079792	347.047668
5.000000	4.079792	310.428986
5.500000	4.079792	371.404968
6.000000	4.079792	246.562622
6.500000	4.079792	228.473221
7.000000	4.079792	310.850922
7.500000	4.079792	332.816162
8.000000	4.079792	274.513428
8.500000	4.079792	65.439186
9.000000	4.079792	74.780411
9.500000	4.079792	67.994408
10.000000	4.079792	156.134354
0.000000	4.579792	402.364624
0.500000	4.579792	328.390442
1.000000	4.579792	588.841675
1.500000	4.579792	395.749725
2.000000	4.579792	255.197769
2.500000	4.579792	384.479767
3.000000	4.579792	407.648010
3.500000	4.579792	347.853577
4.000000	4.579792	337.614258
4.500000	4.579792	420.263824
5.000000	4.579792	333.594910
5.500000	4.579792	62.094715
6.000000	4.579792	274.344360
6.500000	4.579792	110.190125
7.000000	4.579792	90.654892
7.500000	4.579792	41.969730
8.000000	4.579792	43.346397
8.500000	4.579792	303.914001
9.000000	4.579792	568.596069
9.500000	4.579792	344.322388
10.000000	4.579792	446.365173
0.000000	5.079792	421.480286
0.500000	5.079792	423.180695
1.000000	5.079792	501.571564
1.500000	5.079792	461.969299
2.000000	5.079792	451.540192
2.500000	5.079792	587.889282
3.000000	5.079792	192.973190
3.500000	5.079792	410.428650
4.000000	5.079792	502.711823
4.500000	5.079792	426.153076
5.000000	5.079792	331.779480
5.500000	5.079792	31.391779
6.000000	5.079792	65.109695
6.500000	5.079792	80.818466
7.000000	5.079792	104.695198
7.500000	5.079792	63.580669
8.000000	5.079792	109.953819
8.500000	5.079792	373.036957
9.000000	5.079792	607.050415
9.500000	5.079792	360.275177
10.000000	5.079792	484.905792
0.000000	5.579792	317.179199
0.500000	5.579792	456.343414
1.000000	5.579792	482.699341
1.500000	5.579792	306.501770
2.000000	5.579792	361.900787
2.500000	5.579792	507.024719
3.000000	5.579792	300.934357
3.500000	5.579792	399.256805
4.000000	5.579792	397.695068
4.500000	5.579792	284.528046
5.000000	5.579792	181.371750
5.500000	5.579792	82.657799
6.000000	5.579792	304.526245
6.500000	5.579792	488.551544
7.000000	5.579792	308.535004
7.500000	5.579792	424.380798
8.000000	5.579792	248.001205
8.500000	5.579792	353.955811
9.000000	5.579792	443.166138
9.500000	5.579792	628.652893
10.000000	5.579792	547.394775
0.000000	6.079792	328.880371
0.500000	6.079792	402.824554
1.000000	6.079792	462.797272
1.500000	6.079792	472.159302
2.000000	6.079792	458.511871
2.500000	6.079792	567.048950
3.000000	6.079792	447.367401
3.500000	6.079792	371.567902
4.000000	6.079792	452.193359
4.500000	6.079792	509.649963
5.000000	6.079792	501.631134
5.500000	6.079792	435.613953
6.000000	6.079792	509.499054
6.500000	6.079792	391.823700
7.000000	6.079792	377.497467
7.500000	6.079792	300.733917
8.000000	6.079792	375.042267
8.500000	6.079792	592.716980
9.000000	6.079792	543.314270
9.500000	6.079792	359.706879
10.000000	6.079792	534.259583
0.000000	6.579792	429.351990
0.500000	6.579792	353.468140
1.000000	6.579792	390.100800
1.500000	6.579792	429.795685
2.000000	6.579792	395.612579
2.500000	6.579792	436.724854
3.000000	6.579792	448.266052
3.500000	6.579792	403.512726
4.000000	6.579792	576.805725
4.500000	6.579792	307.717407
5.000000	6.579792	491.511627
5.500000	6.579792	359.142365
6.000000	6.579792	457.156799
6.500000	6.579792	415.112335
7.000000	6.579792	282.924347
7.500000	6.579792	350.493378
8.000000	6.579792	479.632080
8.500000	6.579792	498.276642
9.000000	6.579792	534.408081
9.500000	6.579792	347.409302
10.000000	6.579792	474.157227
0.000000	7.079792	503.897003
0.500000	7.079792	214.290573
1.000000	7.079792	248.615417
1.500000	7.079792	502.122406
2.000000	7.079792	409.865234
2.500000	7.079792	468.954651
3.000000	7.079792	502.002472
3.500000	7.079792	344.579773
4.000000	7.079792	248.053406
4.500000	7.079792	286.658356
5.000000	7.079792	273.915802
5.500000	7.079792	130.297241
6.000000	7.079792	310.202545
6.500000	7.079792	459.728058
7.000000	7.079792	459.084076
7.500000	7.079792	252.475189
8.000000	7.079792	360.542175
8.500000	7.079792	274.312775
9.000000	7.079792	420.931122
9.500000	7.079792	286.407288
10.000000	7.079792	218.643936
0.000000	7.579792	225.171982
0.500000	7.579792	234.933121
1.000000	7.579792	441.103302
1.500000	7.579792	416.729218
2.000000	7.579792	216.868515
2.500000	7.579792	313.916016
3.000000	7.579792	178.372116
3.500000	7.579792	178.413879
4.000000	7.579792	238.800049
4.500000	7.579792	251.517349
5.000000	7.579792	461.151154
5.500000	7.579792	209.088821
6.000000	7.579792	276.948181
6.500000	7.579792	417.701904
7.000000	7.579792	418.984680
7.500000	7.579792	431.789154
8.000000	7.579792	332.102997
8.500000	7.579792	286.663361
9.000000	7.579792	296.438538
9.500000	7.579792	279.108246
10.000000	7.579792	222.981110
0.000000	8.079792	269.389069
0.500000	8.079792	301.967834
1.000000	8.079792	354.935760
1.500000	8.079792	322.146240
2.000000	8.079792	379.948761
2.500000	8.079792	308.777435
3.000000	8.079792	421.319153
3.500000	8.079792	440.337921
4.000000	8.079792	260.641357
4.500000	8.079792	221.997070
5.000000	8.079792	345.386230
5.500000	8.079792	326.960510
6.000000	8.079792	456.624207
6.500000	8.079792	456.391907
7.000000	8.079792	401.661804
7.500000	8.079792	368.546844
8.000000	8.079792	380.092224
8.500000	8.079792	335.649139
9.000000	8.079792	531.996277
9.500000	8.079792	330.900635
10.000000	8.079792	573.999451
0.000000	8.579792	521.044250
0.500000	8.579792	436.988464
1.000000	8.579792	283.192017
1.500000	8.579792	400.652710
2.000000	8.579792	351.884552
2.500000	8.579792	436.636169
3.000000	8.579792	471.137604
3.500000	8.579792	646.354797
4.000000	8.579792	479.740356
4.500000	8.579792	417.527222
5.000000	8.579792	270.774048
5.500000	8.579792	262.729126
6.000000	8.579792	315.306152
6.500000	8.579792	253.550140
7.000000	8.579792	374.867798
7.500000	8.579792	733.685303
8.000000	8.579792	432.860535
8.500000	8.579792	621.470764
9.000000	8.579792	343.292572
9.500000	8.579792	222.406342
10.000000	8.579792	207.597931
0.000000	9.079792	509.679962
0.500000	9.079792	401.371948
1.000000	9.079792	479.526428
1.500000	9.079792	292.212463
2.000000	9.079792	310.047119
2.500000	9.079792	472.705109
3.000000	9.079792	399.754303
3.500000	9.079792	564.222168
4.000000	9.079792	461.936066
4.500000	9.079792	472.086975
5.000000	9.079792	156.014893
5.500000	9.079792	227.201248
6.000000	9.079792	396.530609
6.500000	9.079792	287.481018
7.000000	9.079792	311.914276
7.500000	9.079792	308.272766
8.000000	9.079792	475.611145
8.500000	9.079792	366.034912
9.000000	9.079792	423.018677
9.500000	9.079792	113.751129
10.000000	9.079792	128.382645
0.000000	9.579792	272.222382
0.500000	9.579792	279.891266
1.000000	9.579792	368.869415
1.500000	9.579792	289.886383
2.000000	9.579792	298.504272
2.500000	9.579792	416.313721
3.000000	9.579792	1299.956421
3.500000	9.579792	337.354401
4.000000	9.579792	566.310486
4.500000	9.579792	374.865753
5.000000	9.579792	530.939148
5.500000	9.579792	291.010468
6.000000	9.579792	227.970993
6.500000	9.579792	315.300049
7.000000	9.579792	418.330841
7.500000	9.579792	587.556641
8.000000	9.579792	390.891388
8.500000	9.579792	318.582794
9.000000	9.579792	255.624878
9.500000	9.579792	54.684132
10.000000	9.579792	66.079185
0.000000	10.079792	326.766174
0.500000	10.079792	224.547836
1.000000	10.079792	406.819122
1.500000	10.079792	487.052612
2.000000	10.079792	287.637421
2.500000	10.079792	279.585388
3.000000	10.079792	192.345810
3.500000	10.079792	427.838318
4.000000	10.079792	310.331635
4.500000	10.079792	432.823425
5.000000	10.079792	308.549774
5.500000	10.079792	290.964142
6.000000	10.079792	425.320831
6.500000	10.079792	286.234650
7.000000	10.079792	364.380676
7.500000	10.079792	426.274048
8.000000	10.079792	274.840057
8.500000	10.079792	336.018677
9.000000	10.079792	202.595016
9.500000	10.079792	150.145996
10.000000	10.079792	418.857239
