#XList		#YList		#IList		
0.000000	0.079792	15.978470
0.500000	0.079792	1.728390
1.000000	0.079792	14.668104
1.500000	0.079792	8.206727
2.000000	0.079792	346.723785
2.500000	0.079792	54.741234
3.000000	0.079792	69.685486
3.500000	0.079792	0.639784
4.000000	0.079792	3.018858
4.500000	0.079792	137.645538
5.000000	0.079792	16.096277
5.500000	0.079792	119.749329
6.000000	0.079792	73.283722
6.500000	0.079792	23.558802
7.000000	0.079792	53.587151
7.500000	0.079792	0.894256
8.000000	0.079792	349.393066
8.500000	0.079792	0.639784
9.000000	0.079792	34.044106
9.500000	0.079792	17.030874
10.000000	0.079792	13.792050
0.000000	0.579792	127.780830
0.500000	0.579792	29.515717
1.000000	0.579792	226.470230
1.500000	0.579792	59.816723
2.000000	0.579792	38.138031
2.500000	0.579792	14.495913
3.000000	0.579792	23.511639
3.500000	0.579792	60.072029
4.000000	0.579792	10.053972
4.500000	0.579792	0.651247
5.000000	0.579792	93.149284
5.500000	0.579792	10.595563
6.000000	0.579792	39.602921
6.500000	0.579792	1.107954
7.000000	0.579792	65.265144
7.500000	0.579792	24.700436
8.000000	0.579792	20.921131
8.500000	0.579792	39.693485
9.000000	0.579792	0.639784
9.500000	0.579792	0.928004
10.000000	0.579792	14.221824
0.000000	1.079792	201.244125
0.500000	1.079792	175.030716
1.000000	1.079792	8.734241
1.500000	1.079792	51.983932
2.000000	1.079792	62.996754
2.500000	1.079792	29.027620
3.000000	1.079792	20.244173
3.500000	1.079792	11.143285
4.000000	1.079792	3.709769
4.500000	1.079792	0.639784
5.000000	1.079792	21.640387
5.500000	1.079792	75.345345
6.000000	1.079792	958.458923
6.500000	1.079792	25.256882
7.000000	1.079792	0.639784
7.500000	1.079792	26.707893
8.000000	1.079792	0.692984
8.500000	1.079792	25.242237
9.000000	1.079792	52.563808
9.500000	1.079792	1.794181
10.000000	1.079792	27.852854
0.000000	1.579792	1.719541
0.500000	1.579792	0.639784
1.000000	1.579792	38.892040
1.500000	1.579792	13.287179
2.000000	1.579792	2.991824
2.500000	1.579792	93.312805
3.000000	1.579792	64.799248
3.500000	1.579792	37.143127
4.000000	1.579792	265.299103
4.500000	1.579792	3.277827
5.000000	1.579792	195.565445
5.500000	1.579792	30.766134
6.000000	1.579792	36.509609
6.500000	1.579792	23.551851
7.000000	1.579792	15.781439
7.500000	1.579792	0.639784
8.000000	1.579792	157.086472
8.500000	1.579792	28.618919
9.000000	1.579792	9.948374
9.500000	1.579792	57.323708
10.000000	1.579792	7.330792
0.000000	2.079792	432.767548
0.500000	2.079792	99.926727
1.000000	2.079792	817.057007
1.500000	2.079792	1.759939
2.000000	2.079792	33.212620
2.500000	2.079792	39.591766
3.000000	2.079792	33.900795
3.500000	2.079792	0.651078
4.000000	2.079792	28.159609
4.500000	2.079792	151.232025
5.000000	2.079792	175.321396
5.500000	2.079792	15.509874
6.000000	2.079792	29.073729
6.500000	2.079792	10.284101
7.000000	2.079792	77.304245
7.500000	2.079792	14.369680
8.000000	2.079792	26.269192
8.500000	2.079792	2.331480
9.000000	2.079792	16.787451
9.500000	2.079792	73.317924
10.000000	2.079792	63.801186
0.000000	2.579792	1.678586
0.500000	2.579792	61.716778
1.000000	2.579792	33.518501
1.500000	2.579792	311.594971
2.000000	2.579792	13.046460
2.500000	2.579792	0.639784
3.000000	2.579792	124.444839
3.500000	2.579792	62.158985
4.000000	2.579792	825.173340
4.500000	2.579792	16.151430
5.000000	2.579792	21.597937
5.500000	2.579792	90.157639
6.000000	2.579792	18.057062
6.500000	2.579792	27.124475
7.000000	2.579792	788.687317
7.500000	2.579792	18.959093
8.000000	2.579792	4.945601
8.500000	2.579792	12.666290
9.000000	2.579792	50.632748
9.500000	2.579792	21.173603
10.000000	2.579792	4.916470
0.000000	3.079792	77.413078
0.500000	3.079792	179.249405
1.000000	3.079792	12.632375
1.500000	3.079792	184.740112
2.000000	3.079792	36.316845
2.500000	3.079792	85.188904
3.000000	3.079792	80.419426
3.500000	3.079792	10.919894
4.000000	3.079792	4.309155
4.500000	3.079792	1.371000
5.000000	3.079792	63.645237
5.500000	3.079792	2.001651
6.000000	3.079792	8.036957
6.500000	3.079792	67.567535
7.000000	3.079792	52.631142
7.500000	3.079792	20.435534
8.000000	3.079792	63.832245
8.500000	3.079792	2.757815
9.000000	3.079792	92.336632
9.500000	3.079792	36.861580
10.000000	3.079792	9.140540
0.000000	3.579792	95.928253
0.500000	3.579792	2183.766113
1.000000	3.579792	176.553421
1.500000	3.579792	142.464111
2.000000	3.579792	269.522552
2.500000	3.579792	12.420299
3.000000	3.579792	63.855869
3.500000	3.579792	42.369453
4.000000	3.579792	13.940063
4.500000	3.579792	39.741062
5.000000	3.579792	68.702621
5.500000	3.579792	109.103210
6.000000	3.579792	0.639784
6.500000	3.579792	11.561861
7.000000	3.579792	0.639784
7.500000	3.579792	170.287903
8.000000	3.579792	4.422637
8.500000	3.579792	1.319202
9.000000	3.579792	1108.683228
9.500000	3.579792	83.123016
10.000000	3.579792	499.017914
0.000000	4.079792	0.639784
0.500000	4.079792	146.008118
1.000000	4.079792	47.581913
1.500000	4.079792	66.411232
2.000000	4.079792	49.997616
2.500000	4.079792	34.222923
3.000000	4.079792	27.137135
3.500000	4.079792	103.336296
4.000000	4.079792	14.533607
4.500000	4.079792	3.696145
5.000000	4.079792	19.432814
5.500000	4.079792	1.982896
6.000000	4.079792	1.985546
6.500000	4.079792	10.795349
7.000000	4.079792	19.712177
7.500000	4.079792	9.943763
8.000000	4.079792	49.719479
8.500000	4.079792	37.015469
9.000000	4.079792	134.508911
9.500000	4.079792	0.996344
10.000000	4.079792	24.764715
0.000000	4.579792	27.742640
0.500000	4.579792	201.228943
1.000000	4.579792	64.131500
1.500000	4.579792	131.821976
2.000000	4.579792	5.759256
2.500000	4.579792	48.952534
3.000000	4.579792	72.887238
3.500000	4.579792	32.603367
4.000000	4.579792	0.639784
4.500000	4.579792	21.265293
5.000000	4.579792	122.778099
5.500000	4.579792	0.639784
6.000000	4.579792	0.639784
6.500000	4.579792	139.646500
7.000000	4.579792	1008.897034
7.500000	4.579792	1.542861
8.000000	4.579792	506.162323
8.500000	4.579792	1.354897
9.000000	4.579792	125.208771
9.500000	4.579792	0.639784
10.000000	4.579792	23.452930
0.000000	5.079792	68.138824
0.500000	5.079792	28.401680
1.000000	5.079792	19.834297
1.500000	5.079792	2.259874
2.000000	5.079792	43.799824
2.500000	5.079792	59.665661
3.000000	5.079792	0.639784
3.500000	5.079792	38.748474
4.000000	5.079792	28.231752
4.500000	5.079792	24.779509
5.000000	5.079792	46.079243
5.500000	5.079792	0.639784
6.000000	5.079792	7.288841
6.500000	5.079792	58.421520
7.000000	5.079792	2594.964844
7.500000	5.079792	13.048149
8.000000	5.079792	567.612732
8.500000	5.079792	34.944530
9.000000	5.079792	42.709061
9.500000	5.079792	26.423273
10.000000	5.079792	41.914528
0.000000	5.579792	41.394814
0.500000	5.579792	50.966084
1.000000	5.579792	41.696732
1.500000	5.579792	23.319054
2.000000	5.579792	34.793770
2.500000	5.579792	105.757500
3.000000	5.579792	44.510216
3.500000	5.579792	48.778316
4.000000	5.579792	186.343063
4.500000	5.579792	886.208008
5.000000	5.579792	10.506268
5.500000	5.579792	14.109481
6.000000	5.579792	55.963406
6.500000	5.579792	49.070740
7.000000	5.579792	170.192169
7.500000	5.579792	28.238033
8.000000	5.579792	12.831168
8.500000	5.579792	1.562098
9.000000	5.579792	116.726952
9.500000	5.579792	27.311308
10.000000	5.579792	19.438313
0.000000	6.079792	31.659573
0.500000	6.079792	49.895351
1.000000	6.079792	41.140621
1.500000	6.079792	20.310516
2.000000	6.079792	9.609413
2.500000	6.079792	71.492317
3.000000	6.079792	179.794708
3.500000	6.079792	34.254833
4.000000	6.079792	1.904023
4.500000	6.079792	7.570917
5.000000	6.079792	143.858505
5.500000	6.079792	29.460701
6.000000	6.079792	109.600952
6.500000	6.079792	41.889591
7.000000	6.079792	79.977974
7.500000	6.079792	17.391386
8.000000	6.079792	71.218628
8.500000	6.079792	69.065567
9.000000	6.079792	39.330593
9.500000	6.079792	93.401054
10.000000	6.079792	128.032242
0.000000	6.579792	17.022612
0.500000	6.579792	26.966423
1.000000	6.579792	64.720978
1.500000	6.579792	43.685989
2.000000	6.579792	75.921677
2.500000	6.579792	38.784927
3.000000	6.579792	66.654221
3.500000	6.579792	2.754642
4.000000	6.579792	27.860659
4.500000	6.579792	31.632339
5.000000	6.579792	2.022513
5.500000	6.579792	9.157007
6.000000	6.579792	56.522125
6.500000	6.579792	1.054901
7.000000	6.579792	0.639784
7.500000	6.579792	11.415259
8.000000	6.579792	25.796192
8.500000	6.579792	26.914209
9.000000	6.579792	24.180687
9.500000	6.579792	2.036075
10.000000	6.579792	11.893118
0.000000	7.079792	33.686111
0.500000	7.079792	80.581398
1.000000	7.079792	27.121994
1.500000	7.079792	12.777133
2.000000	7.079792	71.406624
2.500000	7.079792	140.200180
3.000000	7.079792	2.375329
3.500000	7.079792	23.966391
4.000000	7.079792	0.639784
4.500000	7.079792	43.168133
5.000000	7.079792	0.691227
5.500000	7.079792	1.153149
6.000000	7.079792	15.741535
6.500000	7.079792	83.345985
7.000000	7.079792	26.318842
7.500000	7.079792	2.902894
8.000000	7.079792	38.469479
8.500000	7.079792	21.555368
9.000000	7.079792	108.156746
9.500000	7.079792	0.639784
10.000000	7.079792	2.600002
0.000000	7.579792	43.407051
0.500000	7.579792	0.844484
1.000000	7.579792	20.675827
1.500000	7.579792	26.275146
2.000000	7.579792	3.471931
2.500000	7.579792	141.911285
3.000000	7.579792	33.177483
3.500000	7.579792	12.094831
4.000000	7.579792	0.639784
4.500000	7.579792	106.620918
5.000000	7.579792	14.257061
5.500000	7.579792	37.933769
6.000000	7.579792	2047.379883
6.500000	7.579792	15.556564
7.000000	7.579792	110.001457
7.500000	7.579792	16.000479
8.000000	7.579792	38.502716
8.500000	7.579792	53.133678
9.000000	7.579792	272.313354
9.500000	7.579792	74.670822
10.000000	7.579792	215.810486
0.000000	8.079792	47.013725
0.500000	8.079792	1.067896
1.000000	8.079792	11.136271
1.500000	8.079792	35.339024
2.000000	8.079792	152.822418
2.500000	8.079792	56.748573
3.000000	8.079792	34.341633
3.500000	8.079792	1.599965
4.000000	8.079792	181.343796
4.500000	8.079792	222.739197
5.000000	8.079792	12.479552
5.500000	8.079792	0.639784
6.000000	8.079792	53.159225
6.500000	8.079792	3.110847
7.000000	8.079792	23.462107
7.500000	8.079792	66.953880
8.000000	8.079792	2.893679
8.500000	8.079792	141.616699
9.000000	8.079792	25.145000
9.500000	8.079792	27.009296
10.000000	8.079792	54.797295
0.000000	8.579792	37.109306
0.500000	8.579792	35.807735
1.000000	8.579792	21.113506
1.500000	8.579792	44.366463
2.000000	8.579792	3.745996
2.500000	8.579792	71.627319
3.000000	8.579792	53.093071
3.500000	8.579792	30.379400
4.000000	8.579792	0.662981
4.500000	8.579792	24.725477
5.000000	8.579792	11.084469
5.500000	8.579792	95.719360
6.000000	8.579792	14.705601
6.500000	8.579792	1.109839
7.000000	8.579792	100.494843
7.500000	8.579792	95.564026
8.000000	8.579792	38.594444
8.500000	8.579792	20.841278
9.000000	8.579792	35.025665
9.500000	8.579792	49.763702
10.000000	8.579792	71.133789
0.000000	9.079792	247.394669
0.500000	9.079792	63.660545
1.000000	9.079792	5.518820
1.500000	9.079792	34.285889
2.000000	9.079792	48.901909
2.500000	9.079792	12.489914
3.000000	9.079792	52.903099
3.500000	9.079792	36.129631
4.000000	9.079792	1.246404
4.500000	9.079792	55.761662
5.000000	9.079792	9.188558
5.500000	9.079792	71.479744
6.000000	9.079792	2.430046
6.500000	9.079792	5.796575
7.000000	9.079792	2.930076
7.500000	9.079792	201.347366
8.000000	9.079792	21.090479
8.500000	9.079792	29.297983
9.000000	9.079792	83.129868
9.500000	9.079792	25.578398
10.000000	9.079792	23.210295
0.000000	9.579792	41.950939
0.500000	9.579792	0.639784
1.000000	9.579792	8.564763
1.500000	9.579792	9.029908
2.000000	9.579792	926.547363
2.500000	9.579792	50.165245
3.000000	9.579792	31.538435
3.500000	9.579792	77.276047
4.000000	9.579792	38.158764
4.500000	9.579792	67.371590
5.000000	9.579792	29.257269
5.500000	9.579792	1.174013
6.000000	9.579792	108.525932
6.500000	9.579792	30.472729
7.000000	9.579792	22.389164
7.500000	9.579792	20.135473
8.000000	9.579792	75.817398
8.500000	9.579792	24.024137
9.000000	9.579792	11.945755
9.500000	9.579792	874.716248
10.000000	9.579792	1.693621
0.000000	10.079792	143.667618
0.500000	10.079792	46.007774
1.000000	10.079792	6.624051
1.500000	10.079792	121.327057
2.000000	10.079792	4.807037
2.500000	10.079792	204.490509
3.000000	10.079792	59.247433
3.500000	10.079792	21.026936
4.000000	10.079792	133.115753
4.500000	10.079792	9.280767
5.000000	10.079792	24.645864
5.500000	10.079792	55.367733
6.000000	10.079792	38.394966
6.500000	10.079792	47.968616
7.000000	10.079792	19.243090
7.500000	10.079792	28.495918
8.000000	10.079792	182.689072
8.500000	10.079792	8.896101
9.000000	10.079792	59.665897
9.500000	10.079792	432.415314
10.000000	10.079792	42.096222
