#XList		#YList		#IList		
0.000000	0.000000	0.950158
0.100000	0.000000	2.617236
0.200000	0.000000	9.940043
0.300000	0.000000	5.206556
0.400000	0.000000	6.191611
0.500000	0.000000	7.267101
0.600000	0.000000	7.726152
0.700000	0.000000	11.756474
0.800000	0.000000	10.374914
0.900000	0.000000	13.295457
1.000000	0.000000	19.561897
1.100000	0.000000	24.166805
1.200000	0.000000	29.423712
1.300000	0.000000	42.880718
1.400000	0.000000	61.152737
1.500000	0.000000	86.119789
1.600000	0.000000	115.156677
1.700000	0.000000	130.343582
1.800000	0.000000	117.258331
1.900000	0.000000	89.186951
2.000000	0.000000	59.480446
2.100000	0.000000	39.760288
2.200000	0.000000	32.732483
2.300000	0.000000	34.666931
2.400000	0.000000	36.336945
2.500000	0.000000	43.876011
2.600000	0.000000	55.136192
2.700000	0.000000	86.398544
2.800000	0.000000	108.477440
2.900000	0.000000	119.840439
3.000000	0.000000	112.776314
0.000000	0.100000	2.370417
0.100000	0.100000	6.004297
0.200000	0.100000	6.672441
0.300000	0.100000	7.407206
0.400000	0.100000	12.949342
0.500000	0.100000	11.599157
0.600000	0.100000	12.197786
0.700000	0.100000	18.572617
0.800000	0.100000	20.394464
0.900000	0.100000	26.661190
1.000000	0.100000	43.658829
1.100000	0.100000	56.765903
1.200000	0.100000	75.886322
1.300000	0.100000	106.361671
1.400000	0.100000	126.779259
1.500000	0.100000	154.076202
1.600000	0.100000	181.912979
1.700000	0.100000	190.733658
1.800000	0.100000	173.221100
1.900000	0.100000	134.643250
2.000000	0.100000	84.551476
2.100000	0.100000	61.799870
2.200000	0.100000	52.487587
2.300000	0.100000	60.316856
2.400000	0.100000	73.704193
2.500000	0.100000	88.670410
2.600000	0.100000	115.299477
2.700000	0.100000	177.198730
2.800000	0.100000	239.722778
2.900000	0.100000	260.900177
3.000000	0.100000	240.489639
0.000000	0.200000	7.114721
0.100000	0.200000	5.747470
0.200000	0.200000	8.409679
0.300000	0.200000	11.393757
0.400000	0.200000	13.991792
0.500000	0.200000	19.820953
0.600000	0.200000	20.867273
0.700000	0.200000	29.124886
0.800000	0.200000	39.077583
0.900000	0.200000	59.000641
1.000000	0.200000	89.282486
1.100000	0.200000	124.476784
1.200000	0.200000	147.473709
1.300000	0.200000	171.208099
1.400000	0.200000	198.150787
1.500000	0.200000	222.255844
1.600000	0.200000	237.544754
1.700000	0.200000	234.221756
1.800000	0.200000	218.496643
1.900000	0.200000	164.213943
2.000000	0.200000	124.656128
2.100000	0.200000	112.138603
2.200000	0.200000	118.927711
2.300000	0.200000	139.393188
2.400000	0.200000	160.833694
2.500000	0.200000	179.475204
2.600000	0.200000	226.656998
2.700000	0.200000	298.552948
2.800000	0.200000	371.476715
2.900000	0.200000	404.725372
3.000000	0.200000	392.730286
0.000000	0.300000	4.190165
0.100000	0.300000	13.373741
0.200000	0.300000	13.063583
0.300000	0.300000	19.034592
0.400000	0.300000	24.873449
0.500000	0.300000	36.069897
0.600000	0.300000	52.819336
0.700000	0.300000	64.357124
0.800000	0.300000	86.584564
0.900000	0.300000	115.260628
1.000000	0.300000	157.109894
1.100000	0.300000	189.283859
1.200000	0.300000	212.140549
1.300000	0.300000	224.260437
1.400000	0.300000	240.249008
1.500000	0.300000	249.075150
1.600000	0.300000	251.530075
1.700000	0.300000	246.264664
1.800000	0.300000	221.460587
1.900000	0.300000	197.485992
2.000000	0.300000	181.928513
2.100000	0.300000	198.611237
2.200000	0.300000	232.229004
2.300000	0.300000	263.047150
2.400000	0.300000	291.033081
2.500000	0.300000	316.668304
2.600000	0.300000	365.159363
2.700000	0.300000	418.659790
2.800000	0.300000	470.184265
2.900000	0.300000	500.985504
3.000000	0.300000	499.534058
0.000000	0.400000	9.486452
0.100000	0.400000	16.590584
0.200000	0.400000	22.239969
0.300000	0.400000	36.830837
0.400000	0.400000	58.312092
0.500000	0.400000	78.106041
0.600000	0.400000	109.466545
0.700000	0.400000	135.797958
0.800000	0.400000	159.859604
0.900000	0.400000	183.765533
1.000000	0.400000	223.546555
1.100000	0.400000	250.507401
1.200000	0.400000	261.598999
1.300000	0.400000	264.592621
1.400000	0.400000	260.549011
1.500000	0.400000	264.097260
1.600000	0.400000	268.710632
1.700000	0.400000	259.451202
1.800000	0.400000	249.929703
1.900000	0.400000	253.059158
2.000000	0.400000	271.839264
2.100000	0.400000	317.698669
2.200000	0.400000	347.771729
2.300000	0.400000	377.841431
2.400000	0.400000	398.407227
2.500000	0.400000	435.117767
2.600000	0.400000	481.296875
2.700000	0.400000	513.764343
2.800000	0.400000	542.207336
2.900000	0.400000	555.803955
3.000000	0.400000	554.651062
0.000000	0.500000	15.709924
0.100000	0.500000	30.351366
0.200000	0.500000	50.438908
0.300000	0.500000	84.634346
0.400000	0.500000	120.651932
0.500000	0.500000	157.818420
0.600000	0.500000	181.087112
0.700000	0.500000	206.450974
0.800000	0.500000	222.275665
0.900000	0.500000	241.502243
1.000000	0.500000	262.744690
1.100000	0.500000	280.508240
1.200000	0.500000	282.425507
1.300000	0.500000	281.083893
1.400000	0.500000	282.615356
1.500000	0.500000	277.700012
1.600000	0.500000	280.170685
1.700000	0.500000	280.415131
1.800000	0.500000	277.885712
1.900000	0.500000	309.265076
2.000000	0.500000	354.093109
2.100000	0.500000	389.275513
2.200000	0.500000	418.551575
2.300000	0.500000	428.914063
2.400000	0.500000	459.166199
2.500000	0.500000	494.631073
2.600000	0.500000	527.515198
2.700000	0.500000	557.059021
2.800000	0.500000	587.744995
2.900000	0.500000	602.356201
3.000000	0.500000	609.841614
0.000000	0.600000	33.402142
0.100000	0.600000	64.494133
0.200000	0.600000	106.051659
0.300000	0.600000	146.428619
0.400000	0.600000	184.969589
0.500000	0.600000	213.629639
0.600000	0.600000	242.890335
0.700000	0.600000	260.064850
0.800000	0.600000	259.626587
0.900000	0.600000	264.393555
1.000000	0.600000	290.870789
1.100000	0.600000	295.376770
1.200000	0.600000	303.327972
1.300000	0.600000	289.092987
1.400000	0.600000	285.401825
1.500000	0.600000	274.307465
1.600000	0.600000	276.639679
1.700000	0.600000	274.886047
1.800000	0.600000	293.405823
1.900000	0.600000	329.219391
2.000000	0.600000	382.984100
2.100000	0.600000	404.711029
2.200000	0.600000	424.823700
2.300000	0.600000	430.531952
2.400000	0.600000	446.814514
2.500000	0.600000	476.472565
2.600000	0.600000	526.553894
2.700000	0.600000	564.328369
2.800000	0.600000	603.902527
2.900000	0.600000	630.685791
3.000000	0.600000	652.733459
0.000000	0.700000	58.157082
0.100000	0.700000	117.123947
0.200000	0.700000	162.988831
0.300000	0.700000	198.113953
0.400000	0.700000	232.672058
0.500000	0.700000	262.011688
0.600000	0.700000	284.175598
0.700000	0.700000	299.251099
0.800000	0.700000	294.114807
0.900000	0.700000	283.914063
1.000000	0.700000	290.464386
1.100000	0.700000	289.463104
1.200000	0.700000	288.692749
1.300000	0.700000	292.156250
1.400000	0.700000	279.206635
1.500000	0.700000	278.425262
1.600000	0.700000	269.014191
1.700000	0.700000	266.108917
1.800000	0.700000	279.296021
1.900000	0.700000	334.806641
2.000000	0.700000	384.562134
2.100000	0.700000	415.716705
2.200000	0.700000	427.247284
2.300000	0.700000	434.585480
2.400000	0.700000	453.220795
2.500000	0.700000	489.051239
2.600000	0.700000	520.825012
2.700000	0.700000	562.626404
2.800000	0.700000	594.551025
2.900000	0.700000	636.244202
3.000000	0.700000	661.279907
0.000000	0.800000	74.490662
0.100000	0.800000	139.370270
0.200000	0.800000	194.906738
0.300000	0.800000	234.398849
0.400000	0.800000	267.331238
0.500000	0.800000	283.741089
0.600000	0.800000	324.455383
0.700000	0.800000	343.041229
0.800000	0.800000	331.139679
0.900000	0.800000	318.501190
1.000000	0.800000	303.221252
1.100000	0.800000	292.188812
1.200000	0.800000	287.089813
1.300000	0.800000	277.808868
1.400000	0.800000	269.583282
1.500000	0.800000	266.786133
1.600000	0.800000	257.645172
1.700000	0.800000	238.977966
1.800000	0.800000	253.712967
1.900000	0.800000	317.476227
2.000000	0.800000	386.412933
2.100000	0.800000	423.769775
2.200000	0.800000	449.320984
2.300000	0.800000	450.903107
2.400000	0.800000	483.603729
2.500000	0.800000	506.913239
2.600000	0.800000	517.400818
2.700000	0.800000	553.728455
2.800000	0.800000	589.947632
2.900000	0.800000	616.980469
3.000000	0.800000	629.460876
0.000000	0.900000	65.950714
0.100000	0.900000	132.609207
0.200000	0.900000	201.906372
0.300000	0.900000	233.236603
0.400000	0.900000	271.431915
0.500000	0.900000	293.900208
0.600000	0.900000	324.420807
0.700000	0.900000	340.906036
0.800000	0.900000	335.454071
0.900000	0.900000	320.228607
1.000000	0.900000	303.611694
1.100000	0.900000	289.820587
1.200000	0.900000	275.036041
1.300000	0.900000	269.443146
1.400000	0.900000	274.386749
1.500000	0.900000	262.976166
1.600000	0.900000	244.416473
1.700000	0.900000	221.687592
1.800000	0.900000	228.878403
1.900000	0.900000	286.027252
2.000000	0.900000	375.111786
2.100000	0.900000	445.752136
2.200000	0.900000	461.317291
2.300000	0.900000	465.462219
2.400000	0.900000	496.802338
2.500000	0.900000	510.032288
2.600000	0.900000	531.869934
2.700000	0.900000	530.919067
2.800000	0.900000	561.592468
2.900000	0.900000	585.734131
3.000000	0.900000	617.631653
0.000000	1.000000	39.894314
0.100000	1.000000	103.440300
0.200000	1.000000	159.363785
0.300000	1.000000	219.556244
0.400000	1.000000	244.703827
0.500000	1.000000	285.816284
0.600000	1.000000	304.200653
0.700000	1.000000	315.950592
0.800000	1.000000	303.703766
0.900000	1.000000	289.450500
1.000000	1.000000	276.875122
1.100000	1.000000	269.977722
1.200000	1.000000	268.909637
1.300000	1.000000	269.960480
1.400000	1.000000	260.379303
1.500000	1.000000	261.516449
1.600000	1.000000	240.744980
1.700000	1.000000	198.350754
1.800000	1.000000	193.799225
1.900000	1.000000	239.878235
2.000000	1.000000	352.765747
2.100000	1.000000	423.086884
2.200000	1.000000	456.324127
2.300000	1.000000	462.958221
2.400000	1.000000	482.752930
2.500000	1.000000	506.918549
2.600000	1.000000	509.010986
2.700000	1.000000	512.942322
2.800000	1.000000	519.458313
2.900000	1.000000	549.480713
3.000000	1.000000	571.278320
0.000000	1.100000	22.178061
0.100000	1.100000	59.513729
0.200000	1.100000	123.144524
0.300000	1.100000	180.495926
0.400000	1.100000	231.879456
0.500000	1.100000	256.989258
0.600000	1.100000	270.005249
0.700000	1.100000	280.953766
0.800000	1.100000	288.237366
0.900000	1.100000	277.790802
1.000000	1.100000	274.559296
1.100000	1.100000	274.347168
1.200000	1.100000	273.261475
1.300000	1.100000	270.754364
1.400000	1.100000	269.450165
1.500000	1.100000	261.049530
1.600000	1.100000	243.753754
1.700000	1.100000	191.941940
1.800000	1.100000	153.651993
1.900000	1.100000	196.093018
2.000000	1.100000	306.264313
2.100000	1.100000	398.623901
2.200000	1.100000	461.483917
2.300000	1.100000	472.937469
2.400000	1.100000	466.637115
2.500000	1.100000	477.034882
2.600000	1.100000	502.874969
2.700000	1.100000	498.355286
2.800000	1.100000	502.562531
2.900000	1.100000	518.967896
3.000000	1.100000	550.910950
0.000000	1.200000	13.045033
0.100000	1.200000	39.907787
0.200000	1.200000	92.352142
0.300000	1.200000	153.200562
0.400000	1.200000	209.747299
0.500000	1.200000	238.075363
0.600000	1.200000	264.031281
0.700000	1.200000	270.062500
0.800000	1.200000	271.023926
0.900000	1.200000	266.844330
1.000000	1.200000	268.423950
1.100000	1.200000	263.494110
1.200000	1.200000	277.969055
1.300000	1.200000	267.670380
1.400000	1.200000	273.179626
1.500000	1.200000	271.278137
1.600000	1.200000	245.995163
1.700000	1.200000	200.380737
1.800000	1.200000	148.919540
1.900000	1.200000	172.114731
2.000000	1.200000	264.820129
2.100000	1.200000	372.739380
2.200000	1.200000	439.083130
2.300000	1.200000	456.136353
2.400000	1.200000	454.375244
2.500000	1.200000	462.549683
2.600000	1.200000	472.364075
2.700000	1.200000	479.550140
2.800000	1.200000	484.592377
2.900000	1.200000	512.614990
3.000000	1.200000	532.649414
0.000000	1.300000	9.688168
0.100000	1.300000	27.678675
0.200000	1.300000	68.062553
0.300000	1.300000	136.848465
0.400000	1.300000	199.774094
0.500000	1.300000	236.686386
0.600000	1.300000	252.998337
0.700000	1.300000	263.546417
0.800000	1.300000	263.888184
0.900000	1.300000	278.278900
1.000000	1.300000	275.076233
1.100000	1.300000	281.431396
1.200000	1.300000	274.237579
1.300000	1.300000	274.762939
1.400000	1.300000	286.925781
1.500000	1.300000	277.728333
1.600000	1.300000	253.456757
1.700000	1.300000	189.502899
1.800000	1.300000	149.792480
1.900000	1.300000	184.477631
2.000000	1.300000	288.496002
2.100000	1.300000	393.709961
2.200000	1.300000	447.252991
2.300000	1.300000	458.133453
2.400000	1.300000	445.039642
2.500000	1.300000	443.458893
2.600000	1.300000	450.576721
2.700000	1.300000	469.026611
2.800000	1.300000	480.736725
2.900000	1.300000	494.608887
3.000000	1.300000	507.253937
0.000000	1.400000	8.455147
0.100000	1.400000	22.874289
0.200000	1.400000	58.191402
0.300000	1.400000	125.952461
0.400000	1.400000	188.472397
0.500000	1.400000	231.417450
0.600000	1.400000	244.530060
0.700000	1.400000	256.993591
0.800000	1.400000	263.835754
0.900000	1.400000	275.963654
1.000000	1.400000	282.719940
1.100000	1.400000	274.871490
1.200000	1.400000	269.412628
1.300000	1.400000	281.541565
1.400000	1.400000	288.785858
1.500000	1.400000	275.632446
1.600000	1.400000	229.976456
1.700000	1.400000	168.760223
1.800000	1.400000	167.127808
1.900000	1.400000	226.414368
2.000000	1.400000	328.285706
2.100000	1.400000	429.443329
2.200000	1.400000	473.737854
2.300000	1.400000	470.331573
2.400000	1.400000	449.824860
2.500000	1.400000	439.197906
2.600000	1.400000	438.487091
2.700000	1.400000	464.808563
2.800000	1.400000	474.531921
2.900000	1.400000	481.386230
3.000000	1.400000	499.160339
0.000000	1.500000	5.371142
0.100000	1.500000	16.198925
0.200000	1.500000	47.780533
0.300000	1.500000	103.688026
0.400000	1.500000	167.073517
0.500000	1.500000	222.828751
0.600000	1.500000	251.159485
0.700000	1.500000	262.100525
0.800000	1.500000	270.643066
0.900000	1.500000	278.315338
1.000000	1.500000	279.674530
1.100000	1.500000	277.942841
1.200000	1.500000	281.333984
1.300000	1.500000	272.974884
1.400000	1.500000	283.274200
1.500000	1.500000	251.858246
1.600000	1.500000	190.807602
1.700000	1.500000	145.503036
1.800000	1.500000	166.861938
1.900000	1.500000	254.416275
2.000000	1.500000	373.757507
2.100000	1.500000	466.392792
2.200000	1.500000	500.661774
2.300000	1.500000	482.356018
2.400000	1.500000	442.503448
2.500000	1.500000	441.261841
2.600000	1.500000	455.031433
2.700000	1.500000	458.501404
2.800000	1.500000	467.621979
2.900000	1.500000	481.871155
3.000000	1.500000	488.336182
0.000000	1.600000	5.801938
0.100000	1.600000	13.149037
0.200000	1.600000	31.865019
0.300000	1.600000	82.297684
0.400000	1.600000	151.489243
0.500000	1.600000	209.530258
0.600000	1.600000	240.303818
0.700000	1.600000	253.382919
0.800000	1.600000	270.186859
0.900000	1.600000	271.551025
1.000000	1.600000	285.170197
1.100000	1.600000	273.981659
1.200000	1.600000	287.658783
1.300000	1.600000	290.327911
1.400000	1.600000	282.987152
1.500000	1.600000	236.074600
1.600000	1.600000	155.181061
1.700000	1.600000	117.190727
1.800000	1.600000	148.095230
1.900000	1.600000	250.520630
2.000000	1.600000	357.904297
2.100000	1.600000	430.760742
2.200000	1.600000	457.355347
2.300000	1.600000	455.639526
2.400000	1.600000	445.391205
2.500000	1.600000	440.570740
2.600000	1.600000	433.760223
2.700000	1.600000	449.414581
2.800000	1.600000	456.808014
2.900000	1.600000	479.863068
3.000000	1.600000	479.323883
0.000000	1.700000	2.928379
0.100000	1.700000	10.709134
0.200000	1.700000	25.641283
0.300000	1.700000	66.322716
0.400000	1.700000	124.688522
0.500000	1.700000	188.182541
0.600000	1.700000	236.696854
0.700000	1.700000	245.491104
0.800000	1.700000	255.513504
0.900000	1.700000	274.978455
1.000000	1.700000	274.501740
1.100000	1.700000	281.602295
1.200000	1.700000	291.302948
1.300000	1.700000	298.880035
1.400000	1.700000	290.770233
1.500000	1.700000	244.078995
1.600000	1.700000	167.426758
1.700000	1.700000	117.723557
1.800000	1.700000	137.084167
1.900000	1.700000	217.285187
2.000000	1.700000	336.703522
2.100000	1.700000	407.436981
2.200000	1.700000	441.135101
2.300000	1.700000	443.954468
2.400000	1.700000	436.358917
2.500000	1.700000	438.747284
2.600000	1.700000	434.312622
2.700000	1.700000	444.333862
2.800000	1.700000	452.961426
2.900000	1.700000	456.213501
3.000000	1.700000	460.919586
0.000000	1.800000	2.999249
0.100000	1.800000	7.272554
0.200000	1.800000	19.461237
0.300000	1.800000	48.336510
0.400000	1.800000	109.196487
0.500000	1.800000	170.737503
0.600000	1.800000	205.751953
0.700000	1.800000	236.251251
0.800000	1.800000	255.858582
0.900000	1.800000	264.200623
1.000000	1.800000	274.098572
1.100000	1.800000	287.762543
1.200000	1.800000	301.764679
1.300000	1.800000	303.696716
1.400000	1.800000	287.882019
1.500000	1.800000	248.358246
1.600000	1.800000	193.507538
1.700000	1.800000	147.334549
1.800000	1.800000	137.918549
1.900000	1.800000	196.638748
2.000000	1.800000	298.048004
2.100000	1.800000	386.147156
2.200000	1.800000	426.313110
2.300000	1.800000	436.294769
2.400000	1.800000	424.154633
2.500000	1.800000	415.636627
2.600000	1.800000	426.637848
2.700000	1.800000	434.454834
2.800000	1.800000	440.800659
2.900000	1.800000	450.356842
3.000000	1.800000	458.505280
0.000000	1.900000	1.705491
0.100000	1.900000	6.640096
0.200000	1.900000	14.069215
0.300000	1.900000	34.011265
0.400000	1.900000	77.537231
0.500000	1.900000	124.753578
0.600000	1.900000	179.997345
0.700000	1.900000	214.377762
0.800000	1.900000	247.225098
0.900000	1.900000	279.804108
1.000000	1.900000	305.221466
1.100000	1.900000	345.071320
1.200000	1.900000	357.182922
1.300000	1.900000	349.259247
1.400000	1.900000	311.000153
1.500000	1.900000	285.350250
1.600000	1.900000	242.798492
1.700000	1.900000	202.147018
1.800000	1.900000	169.197281
1.900000	1.900000	188.424118
2.000000	1.900000	255.093552
2.100000	1.900000	329.969391
2.200000	1.900000	363.259644
2.300000	1.900000	359.020996
2.400000	1.900000	347.333130
2.500000	1.900000	338.938477
2.600000	1.900000	350.882050
2.700000	1.900000	389.368835
2.800000	1.900000	421.202454
2.900000	1.900000	440.488800
3.000000	1.900000	450.400848
0.000000	2.000000	2.885271
0.100000	2.000000	4.640954
0.200000	2.000000	9.017395
0.300000	2.000000	17.968117
0.400000	2.000000	42.365665
0.500000	2.000000	79.866768
0.600000	2.000000	117.676964
0.700000	2.000000	169.733566
0.800000	2.000000	232.364471
0.900000	2.000000	298.049408
1.000000	2.000000	376.204041
1.100000	2.000000	431.324707
1.200000	2.000000	464.528900
1.300000	2.000000	451.280670
1.400000	2.000000	400.926270
1.500000	2.000000	366.186523
1.600000	2.000000	336.124847
1.700000	2.000000	298.839294
1.800000	2.000000	242.906815
1.900000	2.000000	213.552490
2.000000	2.000000	224.885483
2.100000	2.000000	245.094406
2.200000	2.000000	255.291458
2.300000	2.000000	242.978333
2.400000	2.000000	213.592773
2.500000	2.000000	215.745026
2.600000	2.000000	236.079010
2.700000	2.000000	282.033783
2.800000	2.000000	326.550659
2.900000	2.000000	355.990265
3.000000	2.000000	374.416382
0.000000	2.100000	7.031158
0.100000	2.100000	7.277439
0.200000	2.100000	6.822081
0.300000	2.100000	10.065973
0.400000	2.100000	19.990904
0.500000	2.100000	38.168739
0.600000	2.100000	68.413582
0.700000	2.100000	124.198792
0.800000	2.100000	215.377945
0.900000	2.100000	323.227478
1.000000	2.100000	432.052277
1.100000	2.100000	512.360474
1.200000	2.100000	547.220398
1.300000	2.100000	548.172668
1.400000	2.100000	508.482117
1.500000	2.100000	472.333099
1.600000	2.100000	441.992035
1.700000	2.100000	404.660461
1.800000	2.100000	346.776123
1.900000	2.100000	306.490784
2.000000	2.100000	276.545135
2.100000	2.100000	252.627029
2.200000	2.100000	231.835266
2.300000	2.100000	187.415894
2.400000	2.100000	132.610703
2.500000	2.100000	114.815842
2.600000	2.100000	123.161659
2.700000	2.100000	166.133942
2.800000	2.100000	207.520538
2.900000	2.100000	233.984009
3.000000	2.100000	254.189682
0.000000	2.200000	3.371776
0.100000	2.200000	7.349585
0.200000	2.200000	5.290747
0.300000	2.200000	5.692384
0.400000	2.200000	11.406075
0.500000	2.200000	21.054665
0.600000	2.200000	44.201996
0.700000	2.200000	105.481766
0.800000	2.200000	216.175934
0.900000	2.200000	340.714508
1.000000	2.200000	452.316895
1.100000	2.200000	531.067810
1.200000	2.200000	582.880493
1.300000	2.200000	581.582397
1.400000	2.200000	566.942810
1.500000	2.200000	547.263184
1.600000	2.200000	532.923096
1.700000	2.200000	517.795593
1.800000	2.200000	472.902466
1.900000	2.200000	429.042053
2.000000	2.200000	398.648651
2.100000	2.200000	353.194122
2.200000	2.200000	287.013763
2.300000	2.200000	201.681610
2.400000	2.200000	120.904358
2.500000	2.200000	63.743954
2.600000	2.200000	55.799030
2.700000	2.200000	72.535500
2.800000	2.200000	94.563248
2.900000	2.200000	105.816498
3.000000	2.200000	110.647606
0.000000	2.300000	3.300856
0.100000	2.300000	2.642636
0.200000	2.300000	2.948170
0.300000	2.300000	4.706902
0.400000	2.300000	7.946337
0.500000	2.300000	13.140001
0.600000	2.300000	32.335644
0.700000	2.300000	91.693810
0.800000	2.300000	209.533493
0.900000	2.300000	351.503876
1.000000	2.300000	449.762939
1.100000	2.300000	522.217224
1.200000	2.300000	545.452209
1.300000	2.300000	557.374084
1.400000	2.300000	548.115356
1.500000	2.300000	555.686157
1.600000	2.300000	551.591125
1.700000	2.300000	530.923828
1.800000	2.300000	523.074524
1.900000	2.300000	512.764587
2.000000	2.300000	481.788422
2.100000	2.300000	434.291870
2.200000	2.300000	343.408417
2.300000	2.300000	228.287476
2.400000	2.300000	125.804092
2.500000	2.300000	56.724037
2.600000	2.300000	34.328445
2.700000	2.300000	34.951015
2.800000	2.300000	37.099049
2.900000	2.300000	41.536480
3.000000	2.300000	47.335114
0.000000	2.400000	1.277852
0.100000	2.400000	2.946553
0.200000	2.400000	3.541929
0.300000	2.400000	2.656454
0.400000	2.400000	6.744205
0.500000	2.400000	10.989170
0.600000	2.400000	24.706335
0.700000	2.400000	80.088600
0.800000	2.400000	181.091660
0.900000	2.400000	322.444611
1.000000	2.400000	441.479004
1.100000	2.400000	503.804474
1.200000	2.400000	523.021240
1.300000	2.400000	526.919617
1.400000	2.400000	539.877625
1.500000	2.400000	538.075806
1.600000	2.400000	536.638306
1.700000	2.400000	545.807068
1.800000	2.400000	533.843689
1.900000	2.400000	524.326355
2.000000	2.400000	508.702057
2.100000	2.400000	463.923798
2.200000	2.400000	349.706726
2.300000	2.400000	226.019806
2.400000	2.400000	115.366776
2.500000	2.400000	50.578472
2.600000	2.400000	23.436069
2.700000	2.400000	22.224285
2.800000	2.400000	21.955502
2.900000	2.400000	21.109241
3.000000	2.400000	27.063890
0.000000	2.500000	1.871521
0.100000	2.500000	0.000000
0.200000	2.500000	1.611217
0.300000	2.500000	1.328290
0.400000	2.500000	5.544253
0.500000	2.500000	12.421704
0.600000	2.500000	16.601379
0.700000	2.500000	43.247528
0.800000	2.500000	118.468452
0.900000	2.500000	240.694382
1.000000	2.500000	341.021393
1.100000	2.500000	439.603027
1.200000	2.500000	482.056488
1.300000	2.500000	498.069458
1.400000	2.500000	506.882202
1.500000	2.500000	507.980469
1.600000	2.500000	514.622681
1.700000	2.500000	517.944214
1.800000	2.500000	520.366394
1.900000	2.500000	518.919434
2.000000	2.500000	491.715881
2.100000	2.500000	417.680542
2.200000	2.500000	306.815399
2.300000	2.500000	175.921402
2.400000	2.500000	86.469292
2.500000	2.500000	33.089115
2.600000	2.500000	19.211117
2.700000	2.500000	14.643718
2.800000	2.500000	11.852848
2.900000	2.500000	13.649642
3.000000	2.500000	16.918398
0.000000	2.600000	1.040340
0.100000	2.600000	6.222600
0.200000	2.600000	1.994738
0.300000	2.600000	0.669098
0.400000	2.600000	8.534636
0.500000	2.600000	8.281113
0.600000	2.600000	13.989941
0.700000	2.600000	24.711084
0.800000	2.600000	66.027756
0.900000	2.600000	138.202377
1.000000	2.600000	227.295181
1.100000	2.600000	305.510101
1.200000	2.600000	379.208008
1.300000	2.600000	448.913635
1.400000	2.600000	493.221008
1.500000	2.600000	511.633850
1.600000	2.600000	515.460022
1.700000	2.600000	516.195190
1.800000	2.600000	525.408997
1.900000	2.600000	503.686432
2.000000	2.600000	461.885162
2.100000	2.600000	374.168091
2.200000	2.600000	244.281815
2.300000	2.600000	121.900040
2.400000	2.600000	54.993256
2.500000	2.600000	22.368872
2.600000	2.600000	14.977955
2.700000	2.600000	12.063378
2.800000	2.600000	9.611166
2.900000	2.600000	10.435112
3.000000	2.600000	14.989633
0.000000	2.700000	0.745958
0.100000	2.700000	5.491343
0.200000	2.700000	3.459317
0.300000	2.700000	4.117470
0.400000	2.700000	5.657928
0.500000	2.700000	7.668525
0.600000	2.700000	7.379294
0.700000	2.700000	15.347066
0.800000	2.700000	29.139963
0.900000	2.700000	66.569359
1.000000	2.700000	107.918465
1.100000	2.700000	167.337616
1.200000	2.700000	247.521515
1.300000	2.700000	336.121033
1.400000	2.700000	412.998901
1.500000	2.700000	452.657623
1.600000	2.700000	466.585693
1.700000	2.700000	462.210968
1.800000	2.700000	468.111237
1.900000	2.700000	460.264893
2.000000	2.700000	414.296997
2.100000	2.700000	307.564728
2.200000	2.700000	177.878525
2.300000	2.700000	79.040092
2.400000	2.700000	27.946594
2.500000	2.700000	13.293406
2.600000	2.700000	7.108592
2.700000	2.700000	9.778601
2.800000	2.700000	5.934219
2.900000	2.700000	8.774277
3.000000	2.700000	18.037273
0.000000	2.800000	1.660377
0.100000	2.800000	1.668873
0.200000	2.800000	1.498490
0.300000	2.800000	0.000000
0.400000	2.800000	2.553996
0.500000	2.800000	2.972418
0.600000	2.800000	7.485577
0.700000	2.800000	13.977629
0.800000	2.800000	16.941803
0.900000	2.800000	32.404026
1.000000	2.800000	47.128490
1.100000	2.800000	77.255470
1.200000	2.800000	136.631332
1.300000	2.800000	222.648346
1.400000	2.800000	274.840942
1.500000	2.800000	324.102600
1.600000	2.800000	348.537231
1.700000	2.800000	358.524902
1.800000	2.800000	367.736359
1.900000	2.800000	358.336792
2.000000	2.800000	297.695557
2.100000	2.800000	217.517776
2.200000	2.800000	122.646843
2.300000	2.800000	48.170433
2.400000	2.800000	18.134718
2.500000	2.800000	8.603440
2.600000	2.800000	6.932956
2.700000	2.800000	4.062441
2.800000	2.800000	7.658526
2.900000	2.800000	8.936241
3.000000	2.800000	19.327887
0.000000	2.900000	0.000000
0.100000	2.900000	0.523165
0.200000	2.900000	0.759882
0.300000	2.900000	6.100979
0.400000	2.900000	3.766999
0.500000	2.900000	8.498784
0.600000	2.900000	7.678172
0.700000	2.900000	9.036854
0.800000	2.900000	12.858635
0.900000	2.900000	21.079542
1.000000	2.900000	24.476164
1.100000	2.900000	37.190357
1.200000	2.900000	63.341557
1.300000	2.900000	106.431702
1.400000	2.900000	145.077499
1.500000	2.900000	179.378830
1.600000	2.900000	194.931763
1.700000	2.900000	207.990585
1.800000	2.900000	211.029861
1.900000	2.900000	211.120575
2.000000	2.900000	170.665268
2.100000	2.900000	115.700638
2.200000	2.900000	66.030693
2.300000	2.900000	27.124790
2.400000	2.900000	11.842599
2.500000	2.900000	6.705431
2.600000	2.900000	4.167820
2.700000	2.900000	4.176807
2.800000	2.900000	6.511136
2.900000	2.900000	9.077120
3.000000	2.900000	19.587582
0.000000	3.000000	0.246760
0.100000	3.000000	0.000000
0.200000	3.000000	15.911915
0.300000	3.000000	3.109859
0.400000	3.000000	6.280469
0.500000	3.000000	3.679482
0.600000	3.000000	4.343374
0.700000	3.000000	7.434150
0.800000	3.000000	9.176941
0.900000	3.000000	12.375525
1.000000	3.000000	16.224194
1.100000	3.000000	23.473642
1.200000	3.000000	26.814196
1.300000	3.000000	44.055397
1.400000	3.000000	55.144585
1.500000	3.000000	74.058029
1.600000	3.000000	75.425896
1.700000	3.000000	88.498184
1.800000	3.000000	87.083580
1.900000	3.000000	81.151009
2.000000	3.000000	64.393333
2.100000	3.000000	47.722885
2.200000	3.000000	26.905210
2.300000	3.000000	14.417265
2.400000	3.000000	6.734951
2.500000	3.000000	4.586468
2.600000	3.000000	2.885559
2.700000	3.000000	4.244271
2.800000	3.000000	4.100798
2.900000	3.000000	7.453501
3.000000	3.000000	18.318851
