#XList		#YList		#IList		
0.000000	0.079792	23.209488
0.500000	0.079792	22.354923
1.000000	0.079792	18.458233
1.500000	0.079792	2.490610
2.000000	0.079792	22.181770
2.500000	0.079792	21.164085
3.000000	0.079792	42.420662
3.500000	0.079792	37.748775
4.000000	0.079792	23.119568
4.500000	0.079792	37.358059
5.000000	0.079792	24.803419
5.500000	0.079792	30.977623
6.000000	0.079792	29.997015
6.500000	0.079792	30.782721
7.000000	0.079792	55.435749
7.500000	0.079792	50.726616
8.000000	0.079792	96.153893
8.500000	0.079792	30.097445
9.000000	0.079792	26.859800
9.500000	0.079792	34.731960
10.000000	0.079792	39.516628
0.000000	0.579792	13.441136
0.500000	0.579792	18.950972
1.000000	0.579792	27.640724
1.500000	0.579792	29.632578
2.000000	0.579792	35.013058
2.500000	0.579792	20.942713
3.000000	0.579792	26.622709
3.500000	0.579792	36.997356
4.000000	0.579792	52.040382
4.500000	0.579792	36.183815
5.000000	0.579792	52.147335
5.500000	0.579792	31.486362
6.000000	0.579792	32.668419
6.500000	0.579792	14.755123
7.000000	0.579792	18.864878
7.500000	0.579792	29.596497
8.000000	0.579792	23.000685
8.500000	0.579792	42.106007
9.000000	0.579792	15.355843
9.500000	0.579792	16.985483
10.000000	0.579792	26.950489
0.000000	1.079792	44.240879
0.500000	1.079792	47.436970
1.000000	1.079792	37.651455
1.500000	1.079792	28.342539
2.000000	1.079792	33.013851
2.500000	1.079792	42.357864
3.000000	1.079792	13.911505
3.500000	1.079792	27.438999
4.000000	1.079792	34.697861
4.500000	1.079792	36.185673
5.000000	1.079792	14.523732
5.500000	1.079792	27.899261
6.000000	1.079792	53.240036
6.500000	1.079792	28.597038
7.000000	1.079792	41.240723
7.500000	1.079792	32.438404
8.000000	1.079792	25.557434
8.500000	1.079792	13.461868
9.000000	1.079792	15.225815
9.500000	1.079792	20.842773
10.000000	1.079792	19.465820
0.000000	1.579792	32.352512
0.500000	1.579792	39.033119
1.000000	1.579792	25.354609
1.500000	1.579792	28.650053
2.000000	1.579792	34.180927
2.500000	1.579792	44.483360
3.000000	1.579792	14.957991
3.500000	1.579792	31.288612
4.000000	1.579792	36.964458
4.500000	1.579792	38.423641
5.000000	1.579792	29.224710
5.500000	1.579792	29.316050
6.000000	1.579792	21.648773
6.500000	1.579792	-2.194700
7.000000	1.579792	31.464499
7.500000	1.579792	32.132481
8.000000	1.579792	38.435505
8.500000	1.579792	23.797228
9.000000	1.579792	19.212656
9.500000	1.579792	18.977243
10.000000	1.579792	25.240318
0.000000	2.079792	39.806149
0.500000	2.079792	34.942226
1.000000	2.079792	46.655163
1.500000	2.079792	21.938904
2.000000	2.079792	27.370537
2.500000	2.079792	18.826584
3.000000	2.079792	16.044588
3.500000	2.079792	20.802605
4.000000	2.079792	39.429577
4.500000	2.079792	19.804707
5.000000	2.079792	40.955959
5.500000	2.079792	31.202209
6.000000	2.079792	30.175409
6.500000	2.079792	28.761826
7.000000	2.079792	38.043648
7.500000	2.079792	34.125740
8.000000	2.079792	-86.585823
8.500000	2.079792	29.801424
9.000000	2.079792	25.483549
9.500000	2.079792	31.096376
10.000000	2.079792	35.555637
0.000000	2.579792	32.859856
0.500000	2.579792	26.843889
1.000000	2.579792	27.484673
1.500000	2.579792	48.582577
2.000000	2.579792	35.876774
2.500000	2.579792	30.418221
3.000000	2.579792	32.173809
3.500000	2.579792	15.577979
4.000000	2.579792	46.941349
4.500000	2.579792	11.352315
5.000000	2.579792	32.952278
5.500000	2.579792	30.781099
6.000000	2.579792	19.804035
6.500000	2.579792	19.403040
7.000000	2.579792	50.132942
7.500000	2.579792	66.933258
8.000000	2.579792	28.895485
8.500000	2.579792	40.790707
9.000000	2.579792	-18.567657
9.500000	2.579792	25.758078
10.000000	2.579792	49.839733
0.000000	3.079792	25.920259
0.500000	3.079792	29.162357
1.000000	3.079792	-24.273701
1.500000	3.079792	47.510227
2.000000	3.079792	35.511795
2.500000	3.079792	51.431541
3.000000	3.079792	45.735386
3.500000	3.079792	27.026144
4.000000	3.079792	58.336147
4.500000	3.079792	22.577036
5.000000	3.079792	20.146067
5.500000	3.079792	39.128712
6.000000	3.079792	22.725561
6.500000	3.079792	23.020969
7.000000	3.079792	89.342300
7.500000	3.079792	96.504410
8.000000	3.079792	71.003807
8.500000	3.079792	37.523136
9.000000	3.079792	24.907391
9.500000	3.079792	36.515369
10.000000	3.079792	8.614487
0.000000	3.579792	24.825905
0.500000	3.579792	27.304747
1.000000	3.579792	46.756550
1.500000	3.579792	54.041519
2.000000	3.579792	37.148441
2.500000	3.579792	32.325340
3.000000	3.579792	35.758675
3.500000	3.579792	42.878895
4.000000	3.579792	20.517244
4.500000	3.579792	21.229431
5.000000	3.579792	16.323086
5.500000	3.579792	43.478428
6.000000	3.579792	19.043877
6.500000	3.579792	15.592386
7.000000	3.579792	24.302063
7.500000	3.579792	53.563427
8.000000	3.579792	34.880817
8.500000	3.579792	6.237628
9.000000	3.579792	20.830112
9.500000	3.579792	9.165785
10.000000	3.579792	3.762666
0.000000	4.079792	26.760057
0.500000	4.079792	35.449821
1.000000	4.079792	31.407743
1.500000	4.079792	32.983147
2.000000	4.079792	41.596489
2.500000	4.079792	23.943951
3.000000	4.079792	34.371220
3.500000	4.079792	56.404888
4.000000	4.079792	52.729977
4.500000	4.079792	23.683651
5.000000	4.079792	32.082214
5.500000	4.079792	19.394804
6.000000	4.079792	-4.885323
6.500000	4.079792	20.885340
7.000000	4.079792	17.178564
7.500000	4.079792	45.257755
8.000000	4.079792	30.561794
8.500000	4.079792	10.023109
9.000000	4.079792	8.596398
9.500000	4.079792	11.334079
10.000000	4.079792	24.498619
0.000000	4.579792	21.166155
0.500000	4.579792	61.427246
1.000000	4.579792	28.399035
1.500000	4.579792	32.654602
2.000000	4.579792	18.429932
2.500000	4.579792	33.975552
3.000000	4.579792	24.868975
3.500000	4.579792	24.341208
4.000000	4.579792	31.798912
4.500000	4.579792	55.675453
5.000000	4.579792	-62.426018
5.500000	4.579792	-25.582106
6.000000	4.579792	18.286135
6.500000	4.579792	15.059420
7.000000	4.579792	4.092266
7.500000	4.579792	18.519152
8.000000	4.579792	11.749195
8.500000	4.579792	10.185194
9.000000	4.579792	26.851145
9.500000	4.579792	34.022285
10.000000	4.579792	58.427582
0.000000	5.079792	25.269003
0.500000	5.079792	9.844848
1.000000	5.079792	24.576687
1.500000	5.079792	30.515173
2.000000	5.079792	37.509270
2.500000	5.079792	26.643250
3.000000	5.079792	23.230051
3.500000	5.079792	36.266071
4.000000	5.079792	28.001461
4.500000	5.079792	26.555775
5.000000	5.079792	25.414598
5.500000	5.079792	5.105497
6.000000	5.079792	6.773084
6.500000	5.079792	10.379510
7.000000	5.079792	12.522966
7.500000	5.079792	8.509386
8.000000	5.079792	16.589256
8.500000	5.079792	39.467045
9.000000	5.079792	50.986904
9.500000	5.079792	35.782276
10.000000	5.079792	72.664253
0.000000	5.579792	14.537110
0.500000	5.579792	30.018274
1.000000	5.579792	22.837322
1.500000	5.579792	17.528353
2.000000	5.579792	23.150568
2.500000	5.579792	17.277060
3.000000	5.579792	19.015711
3.500000	5.579792	18.918356
4.000000	5.579792	50.418343
4.500000	5.579792	48.315498
5.000000	5.579792	10.130262
5.500000	5.579792	8.796198
6.000000	5.579792	14.301619
6.500000	5.579792	19.241159
7.000000	5.579792	42.177174
7.500000	5.579792	20.962597
8.000000	5.579792	19.891907
8.500000	5.579792	21.817614
9.000000	5.579792	44.442204
9.500000	5.579792	15.899604
10.000000	5.579792	70.395981
0.000000	6.079792	22.008375
0.500000	6.079792	38.814137
1.000000	6.079792	13.408498
1.500000	6.079792	-24.842546
2.000000	6.079792	17.662571
2.500000	6.079792	25.668158
3.000000	6.079792	35.459518
3.500000	6.079792	39.685474
4.000000	6.079792	33.715225
4.500000	6.079792	13.582812
5.000000	6.079792	26.409454
5.500000	6.079792	16.376053
6.000000	6.079792	22.584785
6.500000	6.079792	58.970963
7.000000	6.079792	39.090580
7.500000	6.079792	28.272785
8.000000	6.079792	24.801844
8.500000	6.079792	51.499275
9.000000	6.079792	21.604483
9.500000	6.079792	31.189898
10.000000	6.079792	61.258080
0.000000	6.579792	25.711006
0.500000	6.579792	23.797743
1.000000	6.579792	33.399815
1.500000	6.579792	33.004490
2.000000	6.579792	23.522079
2.500000	6.579792	32.167274
3.000000	6.579792	36.858017
3.500000	6.579792	18.831526
4.000000	6.579792	30.444590
4.500000	6.579792	29.242241
5.000000	6.579792	28.015133
5.500000	6.579792	21.236153
6.000000	6.579792	34.993984
6.500000	6.579792	37.322025
7.000000	6.579792	24.569794
7.500000	6.579792	28.459753
8.000000	6.579792	19.213978
8.500000	6.579792	26.330248
9.000000	6.579792	35.852470
9.500000	6.579792	13.064223
10.000000	6.579792	-3.190584
0.000000	7.079792	20.953089
0.500000	7.079792	21.236444
1.000000	7.079792	26.689243
1.500000	7.079792	13.010325
2.000000	7.079792	17.848297
2.500000	7.079792	68.873795
3.000000	7.079792	24.907494
3.500000	7.079792	23.731485
4.000000	7.079792	27.128592
4.500000	7.079792	31.113596
5.000000	7.079792	27.505163
5.500000	7.079792	19.039196
6.000000	7.079792	31.427202
6.500000	7.079792	2.904632
7.000000	7.079792	29.900480
7.500000	7.079792	26.556522
8.000000	7.079792	48.189045
8.500000	7.079792	37.461086
9.000000	7.079792	49.455730
9.500000	7.079792	25.057806
10.000000	7.079792	13.455481
0.000000	7.579792	-58.075321
0.500000	7.579792	15.874743
1.000000	7.579792	26.732164
1.500000	7.579792	32.205261
2.000000	7.579792	35.100155
2.500000	7.579792	53.763634
3.000000	7.579792	22.759483
3.500000	7.579792	57.695995
4.000000	7.579792	13.718126
4.500000	7.579792	39.181946
5.000000	7.579792	37.018806
5.500000	7.579792	-108.251320
6.000000	7.579792	30.282045
6.500000	7.579792	10.883412
7.000000	7.579792	46.678535
7.500000	7.579792	4.281858
8.000000	7.579792	33.525940
8.500000	7.579792	30.995758
9.000000	7.579792	39.262333
9.500000	7.579792	33.053085
10.000000	7.579792	27.306408
0.000000	8.079792	17.313166
0.500000	8.079792	24.488968
1.000000	8.079792	40.552597
1.500000	8.079792	19.937944
2.000000	8.079792	35.834267
2.500000	8.079792	39.864586
3.000000	8.079792	34.419594
3.500000	8.079792	9.369056
4.000000	8.079792	23.577337
4.500000	8.079792	21.099760
5.000000	8.079792	1.636011
5.500000	8.079792	28.809616
6.000000	8.079792	26.611292
6.500000	8.079792	14.272217
7.000000	8.079792	34.826958
7.500000	8.079792	30.348669
8.000000	8.079792	26.112663
8.500000	8.079792	27.258289
9.000000	8.079792	24.505409
9.500000	8.079792	15.243102
10.000000	8.079792	34.789036
0.000000	8.579792	4.875496
0.500000	8.579792	62.758698
1.000000	8.579792	22.324583
1.500000	8.579792	23.881239
2.000000	8.579792	25.753738
2.500000	8.579792	38.309841
3.000000	8.579792	35.645737
3.500000	8.579792	39.640781
4.000000	8.579792	19.912453
4.500000	8.579792	25.205843
5.000000	8.579792	30.298424
5.500000	8.579792	36.923264
6.000000	8.579792	13.404404
6.500000	8.579792	15.655953
7.000000	8.579792	40.738739
7.500000	8.579792	-49.123718
8.000000	8.579792	37.633408
8.500000	8.579792	25.616394
9.000000	8.579792	40.593826
9.500000	8.579792	20.908316
10.000000	8.579792	24.919157
0.000000	9.079792	50.474243
0.500000	9.079792	50.429741
1.000000	9.079792	40.036949
1.500000	9.079792	28.931999
2.000000	9.079792	17.710985
2.500000	9.079792	38.344654
3.000000	9.079792	25.823311
3.500000	9.079792	26.355568
4.000000	9.079792	3.959455
4.500000	9.079792	35.288818
5.000000	9.079792	35.600784
5.500000	9.079792	46.167564
6.000000	9.079792	31.501543
6.500000	9.079792	38.543228
7.000000	9.079792	34.159866
7.500000	9.079792	38.889969
8.000000	9.079792	31.369421
8.500000	9.079792	37.371933
9.000000	9.079792	50.581020
9.500000	9.079792	11.860200
10.000000	9.079792	22.333456
0.000000	9.579792	20.592007
0.500000	9.579792	19.312416
1.000000	9.579792	28.677166
1.500000	9.579792	1.809648
2.000000	9.579792	28.352392
2.500000	9.579792	45.319454
3.000000	9.579792	-917.201965
3.500000	9.579792	38.825405
4.000000	9.579792	31.266026
4.500000	9.579792	24.071320
5.000000	9.579792	-8.020957
5.500000	9.579792	27.876652
6.000000	9.579792	28.671297
6.500000	9.579792	29.230297
7.000000	9.579792	15.410666
7.500000	9.579792	29.275768
8.000000	9.579792	33.175568
8.500000	9.579792	27.803862
9.000000	9.579792	29.190830
9.500000	9.579792	4.480274
10.000000	9.579792	4.964186
0.000000	10.079792	46.018143
0.500000	10.079792	53.051445
1.000000	10.079792	22.831161
1.500000	10.079792	56.900894
2.000000	10.079792	27.594595
2.500000	10.079792	35.783497
3.000000	10.079792	25.819904
3.500000	10.079792	17.648151
4.000000	10.079792	39.288944
4.500000	10.079792	24.082582
5.000000	10.079792	21.223951
5.500000	10.079792	19.551863
6.000000	10.079792	-53.501396
6.500000	10.079792	26.079422
7.000000	10.079792	30.519478
7.500000	10.079792	32.321690
8.000000	10.079792	48.415577
8.500000	10.079792	3.772805
9.000000	10.079792	15.169900
9.500000	10.079792	15.709991
10.000000	10.079792	23.577736
