#XList		#YList		#IList		
0.000000	0.079792	2944.450928
0.500000	0.079792	2951.027588
1.000000	0.079792	2927.916504
1.500000	0.079792	3005.815918
2.000000	0.079792	2941.244629
2.500000	0.079792	2930.324707
3.000000	0.079792	2968.680420
3.500000	0.079792	2940.272461
4.000000	0.079792	2943.155762
4.500000	0.079792	2937.602783
5.000000	0.079792	2909.967773
5.500000	0.079792	2936.904053
6.000000	0.079792	2934.543701
6.500000	0.079792	2934.099609
7.000000	0.079792	2932.293701
7.500000	0.079792	2936.634766
8.000000	0.079792	2877.516846
8.500000	0.079792	2958.867920
9.000000	0.079792	2947.069824
9.500000	0.079792	2930.091309
10.000000	0.079792	2943.046387
0.000000	0.579792	2940.570313
0.500000	0.579792	2942.740723
1.000000	0.579792	2945.048096
1.500000	0.579792	2941.806396
2.000000	0.579792	2927.721924
2.500000	0.579792	2948.491943
3.000000	0.579792	2937.624512
3.500000	0.579792	2923.158691
4.000000	0.579792	2944.543701
4.500000	0.579792	2935.878906
5.000000	0.579792	2916.895508
5.500000	0.579792	2941.844238
6.000000	0.579792	2939.111816
6.500000	0.579792	2944.587158
7.000000	0.579792	2935.357422
7.500000	0.579792	2939.691162
8.000000	0.579792	2943.937012
8.500000	0.579792	2935.430176
9.000000	0.579792	2929.828857
9.500000	0.579792	2955.296875
10.000000	0.579792	2932.913330
0.000000	1.079792	2932.354492
0.500000	1.079792	2924.298584
1.000000	1.079792	2948.643555
1.500000	1.079792	2942.895264
2.000000	1.079792	2943.299805
2.500000	1.079792	2929.836914
3.000000	1.079792	2938.934814
3.500000	1.079792	2934.858398
4.000000	1.079792	2939.748047
4.500000	1.079792	2922.035156
5.000000	1.079792	2953.890137
5.500000	1.079792	2922.317139
6.000000	1.079792	2932.591064
6.500000	1.079792	2951.207031
7.000000	1.079792	2972.843994
7.500000	1.079792	2946.751709
8.000000	1.079792	2951.791992
8.500000	1.079792	2949.851563
9.000000	1.079792	2979.344727
9.500000	1.079792	2934.573486
10.000000	1.079792	2927.670410
0.000000	1.579792	2925.796875
0.500000	1.579792	2947.154297
1.000000	1.579792	2935.098389
1.500000	1.579792	2939.610107
2.000000	1.579792	2940.109863
2.500000	1.579792	2928.867920
3.000000	1.579792	2937.837646
3.500000	1.579792	2951.016357
4.000000	1.579792	2942.233154
4.500000	1.579792	2945.647949
5.000000	1.579792	2946.635254
5.500000	1.579792	2939.096680
6.000000	1.579792	2954.958740
6.500000	1.579792	2968.828613
7.000000	1.579792	2944.045166
7.500000	1.579792	2943.296631
8.000000	1.579792	2930.728271
8.500000	1.579792	2934.927734
9.000000	1.579792	2926.233887
9.500000	1.579792	2938.262939
10.000000	1.579792	2939.402588
0.000000	2.079792	2938.893555
0.500000	2.079792	2940.757324
1.000000	2.079792	2947.963867
1.500000	2.079792	2937.864014
2.000000	2.079792	2944.736816
2.500000	2.079792	2938.263672
3.000000	2.079792	2954.000977
3.500000	2.079792	2935.536377
4.000000	2.079792	2947.626465
4.500000	2.079792	2909.310547
5.000000	2.079792	2950.526367
5.500000	2.079792	2963.051270
6.000000	2.079792	2935.974365
6.500000	2.079792	2933.341064
7.000000	2.079792	2926.734863
7.500000	2.079792	2933.379883
8.000000	2.079792	2868.143799
8.500000	2.079792	2935.053711
9.000000	2.079792	2938.991943
9.500000	2.079792	2940.940430
10.000000	2.079792	2944.745850
0.000000	2.579792	2953.197754
0.500000	2.579792	2940.410889
1.000000	2.579792	2936.524658
1.500000	2.579792	2933.192139
2.000000	2.579792	2931.263428
2.500000	2.579792	2956.134277
3.000000	2.579792	2937.929199
3.500000	2.579792	2928.301758
4.000000	2.579792	2927.620361
4.500000	2.579792	2943.534912
5.000000	2.579792	2933.267334
5.500000	2.579792	2934.094971
6.000000	2.579792	2932.282715
6.500000	2.579792	2938.358643
7.000000	2.579792	2940.599121
7.500000	2.579792	2931.773438
8.000000	2.579792	2935.363525
8.500000	2.579792	2930.305664
9.000000	2.579792	2869.591797
9.500000	2.579792	2952.163330
10.000000	2.579792	2929.896240
0.000000	3.079792	2942.635010
0.500000	3.079792	2919.723389
1.000000	3.079792	2897.262695
1.500000	3.079792	2928.994141
2.000000	3.079792	2937.333496
2.500000	3.079792	2914.113770
3.000000	3.079792	2942.420166
3.500000	3.079792	2934.205566
4.000000	3.079792	2939.374512
4.500000	3.079792	2922.303955
5.000000	3.079792	2935.354492
5.500000	3.079792	2933.560303
6.000000	3.079792	2944.042236
6.500000	3.079792	2918.601563
7.000000	3.079792	2932.131592
7.500000	3.079792	2925.549561
8.000000	3.079792	2928.682129
8.500000	3.079792	2938.875000
9.000000	3.079792	2936.634766
9.500000	3.079792	2934.890869
10.000000	3.079792	2942.027344
0.000000	3.579792	2922.111328
0.500000	3.579792	2928.232422
1.000000	3.579792	2924.451172
1.500000	3.579792	2920.286621
2.000000	3.579792	2924.419434
2.500000	3.579792	2920.498535
3.000000	3.579792	2921.374268
3.500000	3.579792	2946.357422
4.000000	3.579792	2939.879395
4.500000	3.579792	2943.615967
5.000000	3.579792	2937.958496
5.500000	3.579792	2942.696289
6.000000	3.579792	2953.213623
6.500000	3.579792	2952.900635
7.000000	3.579792	2942.574463
7.500000	3.579792	2928.506592
8.000000	3.579792	2972.550537
8.500000	3.579792	2948.857666
9.000000	3.579792	2986.509033
9.500000	3.579792	2960.142090
10.000000	3.579792	2927.443604
0.000000	4.079792	2939.246338
0.500000	4.079792	2924.269043
1.000000	4.079792	2924.852539
1.500000	4.079792	2948.472656
2.000000	4.079792	2937.349121
2.500000	4.079792	2940.257324
3.000000	4.079792	2950.398926
3.500000	4.079792	2936.856689
4.000000	4.079792	2934.990723
4.500000	4.079792	2950.061035
5.000000	4.079792	2939.857666
5.500000	4.079792	2939.566895
6.000000	4.079792	2927.282715
6.500000	4.079792	2968.778320
7.000000	4.079792	2949.428223
7.500000	4.079792	2930.169922
8.000000	4.079792	2944.063477
8.500000	4.079792	2921.012451
9.000000	4.079792	2922.038330
9.500000	4.079792	2924.321045
10.000000	4.079792	2924.597900
0.000000	4.579792	2951.875000
0.500000	4.579792	2926.581299
1.000000	4.579792	2947.978516
1.500000	4.579792	2940.430664
2.000000	4.579792	2940.104980
2.500000	4.579792	2961.025391
3.000000	4.579792	2937.097656
3.500000	4.579792	2929.719482
4.000000	4.579792	2944.133057
4.500000	4.579792	2935.701172
5.000000	4.579792	2944.671631
5.500000	4.579792	2972.955322
6.000000	4.579792	2946.419434
6.500000	4.579792	2924.120361
7.000000	4.579792	2960.783691
7.500000	4.579792	2906.002197
8.000000	4.579792	2951.245605
8.500000	4.579792	2946.079346
9.000000	4.579792	2945.934326
9.500000	4.579792	2932.656006
10.000000	4.579792	2930.458008
0.000000	5.079792	2947.690186
0.500000	5.079792	2938.303711
1.000000	5.079792	2947.599365
1.500000	5.079792	2946.464111
2.000000	5.079792	2942.550049
2.500000	5.079792	2948.667969
3.000000	5.079792	2944.592529
3.500000	5.079792	2933.022217
4.000000	5.079792	2960.684570
4.500000	5.079792	2950.252930
5.000000	5.079792	2940.878906
5.500000	5.079792	2965.067627
6.000000	5.079792	2945.740234
6.500000	5.079792	2995.445068
7.000000	5.079792	2966.435303
7.500000	5.079792	3130.347168
8.000000	5.079792	2947.477295
8.500000	5.079792	2927.096191
9.000000	5.079792	2938.025879
9.500000	5.079792	2936.180420
10.000000	5.079792	2936.864746
0.000000	5.579792	2945.332031
0.500000	5.579792	2940.347900
1.000000	5.579792	2942.042969
1.500000	5.579792	2932.939941
2.000000	5.579792	2933.895264
2.500000	5.579792	2929.947998
3.000000	5.579792	2938.063965
3.500000	5.579792	2886.212158
4.000000	5.579792	2928.964844
4.500000	5.579792	2941.066895
5.000000	5.579792	2954.398438
5.500000	5.579792	2968.350098
6.000000	5.579792	2979.846924
6.500000	5.579792	2936.023193
7.000000	5.579792	2930.703369
7.500000	5.579792	2949.605469
8.000000	5.579792	2948.330322
8.500000	5.579792	2940.704834
9.000000	5.579792	2940.376465
9.500000	5.579792	2928.077881
10.000000	5.579792	2936.854004
0.000000	6.079792	2952.788330
0.500000	6.079792	2957.418701
1.000000	6.079792	2951.763428
1.500000	6.079792	2985.889893
2.000000	6.079792	2939.947754
2.500000	6.079792	2950.254883
3.000000	6.079792	2942.267334
3.500000	6.079792	2934.443115
4.000000	6.079792	2941.786133
4.500000	6.079792	2948.090576
5.000000	6.079792	2941.274658
5.500000	6.079792	2952.635498
6.000000	6.079792	2945.219238
6.500000	6.079792	2946.393555
7.000000	6.079792	2917.345459
7.500000	6.079792	2953.582520
8.000000	6.079792	2943.100830
8.500000	6.079792	2937.873535
9.000000	6.079792	2950.225830
9.500000	6.079792	2938.419678
10.000000	6.079792	2928.022461
0.000000	6.579792	2942.083008
0.500000	6.579792	2928.746826
1.000000	6.579792	2945.843994
1.500000	6.579792	2927.247314
2.000000	6.579792	2958.050049
2.500000	6.579792	2936.442139
3.000000	6.579792	2944.515869
3.500000	6.579792	2941.501953
4.000000	6.579792	2941.539307
4.500000	6.579792	2934.437988
5.000000	6.579792	2939.943604
5.500000	6.579792	2948.361572
6.000000	6.579792	2933.590332
6.500000	6.579792	2942.741699
7.000000	6.579792	2931.647949
7.500000	6.579792	2939.096924
8.000000	6.579792	2950.466797
8.500000	6.579792	2944.997803
9.000000	6.579792	2937.805908
9.500000	6.579792	2926.412109
10.000000	6.579792	2941.416748
0.000000	7.079792	2950.497803
0.500000	7.079792	2924.666016
1.000000	7.079792	2932.395264
1.500000	7.079792	2959.961914
2.000000	7.079792	2933.476074
2.500000	7.079792	2938.807373
3.000000	7.079792	2933.779785
3.500000	7.079792	2938.703125
4.000000	7.079792	2937.336426
4.500000	7.079792	2939.431396
5.000000	7.079792	2939.348145
5.500000	7.079792	2931.483398
6.000000	7.079792	2940.498047
6.500000	7.079792	2930.919678
7.000000	7.079792	2944.645508
7.500000	7.079792	2937.538330
8.000000	7.079792	2937.035156
8.500000	7.079792	2924.616943
9.000000	7.079792	2942.397217
9.500000	7.079792	2936.541748
10.000000	7.079792	2959.018311
0.000000	7.579792	2946.477539
0.500000	7.579792	2933.522705
1.000000	7.579792	2947.210938
1.500000	7.579792	2929.971191
2.000000	7.579792	2937.155029
2.500000	7.579792	2920.103516
3.000000	7.579792	2941.937988
3.500000	7.579792	2949.257568
4.000000	7.579792	2934.831787
4.500000	7.579792	2930.786865
5.000000	7.579792	2936.676025
5.500000	7.579792	2935.584229
6.000000	7.579792	2951.360840
6.500000	7.579792	2939.093018
7.000000	7.579792	2936.752686
7.500000	7.579792	2950.195068
8.000000	7.579792	2938.369385
8.500000	7.579792	2934.027344
9.000000	7.579792	2935.913330
9.500000	7.579792	2925.111572
10.000000	7.579792	2932.851807
0.000000	8.079792	2944.148193
0.500000	8.079792	2955.093262
1.000000	8.079792	2949.329834
1.500000	8.079792	2920.734863
2.000000	8.079792	2933.900635
2.500000	8.079792	2926.399658
3.000000	8.079792	2943.923584
3.500000	8.079792	2944.977783
4.000000	8.079792	2925.849854
4.500000	8.079792	2943.282471
5.000000	8.079792	2930.454346
5.500000	8.079792	2951.295166
6.000000	8.079792	2933.536133
6.500000	8.079792	2942.947021
7.000000	8.079792	2938.366699
7.500000	8.079792	2946.094727
8.000000	8.079792	2931.378418
8.500000	8.079792	2935.456787
9.000000	8.079792	2951.585693
9.500000	8.079792	2941.888916
10.000000	8.079792	2947.073486
0.000000	8.579792	2938.466064
0.500000	8.579792	2944.125000
1.000000	8.579792	2925.996094
1.500000	8.579792	2948.439697
2.000000	8.579792	2947.010254
2.500000	8.579792	2952.468262
3.000000	8.579792	2937.750000
3.500000	8.579792	2944.561523
4.000000	8.579792	2939.891846
4.500000	8.579792	2932.518555
5.000000	8.579792	2927.420654
5.500000	8.579792	2934.056152
6.000000	8.579792	2928.102295
6.500000	8.579792	2942.840088
7.000000	8.579792	2933.648438
7.500000	8.579792	2583.412109
8.000000	8.579792	2933.741943
8.500000	8.579792	2931.631348
9.000000	8.579792	2952.298584
9.500000	8.579792	2947.603271
10.000000	8.579792	2942.136963
0.000000	9.079792	2930.969482
0.500000	9.079792	2933.884277
1.000000	9.079792	2933.344727
1.500000	9.079792	2936.377441
2.000000	9.079792	2946.417236
2.500000	9.079792	2939.947998
3.000000	9.079792	2944.961914
3.500000	9.079792	2943.718750
4.000000	9.079792	2929.833984
4.500000	9.079792	2949.103027
5.000000	9.079792	2911.249268
5.500000	9.079792	2927.930176
6.000000	9.079792	2928.737793
6.500000	9.079792	2938.068848
7.000000	9.079792	2953.647461
7.500000	9.079792	2935.114990
8.000000	9.079792	2937.156982
8.500000	9.079792	2942.452637
9.000000	9.079792	2933.324463
9.500000	9.079792	2957.078613
10.000000	9.079792	2917.489014
0.000000	9.579792	2947.069824
0.500000	9.579792	2940.444580
1.000000	9.579792	2933.552490
1.500000	9.579792	2932.899902
2.000000	9.579792	2958.357910
2.500000	9.579792	2933.411865
3.000000	9.579792	2721.781006
3.500000	9.579792	2934.865234
4.000000	9.579792	2946.309814
4.500000	9.579792	2954.902588
5.000000	9.579792	2950.019287
5.500000	9.579792	2936.460693
6.000000	9.579792	2915.067871
6.500000	9.579792	2940.158936
7.000000	9.579792	2942.719482
7.500000	9.579792	2942.707031
8.000000	9.579792	2946.070801
8.500000	9.579792	2948.324463
9.000000	9.579792	2943.616211
9.500000	9.579792	2973.597412
10.000000	9.579792	2917.949463
0.000000	10.079792	2922.368408
0.500000	10.079792	2939.449463
1.000000	10.079792	2958.940430
1.500000	10.079792	2936.062744
2.000000	10.079792	2944.130859
2.500000	10.079792	2920.943604
3.000000	10.079792	2916.787842
3.500000	10.079792	2939.266113
4.000000	10.079792	2942.434570
4.500000	10.079792	2952.545898
5.000000	10.079792	2936.909668
5.500000	10.079792	2948.320313
6.000000	10.079792	2962.504639
6.500000	10.079792	2926.849854
7.000000	10.079792	2956.506104
7.500000	10.079792	2954.453857
8.000000	10.079792	2940.663818
8.500000	10.079792	2943.262695
9.000000	10.079792	2994.452881
9.500000	10.079792	2911.310303
10.000000	10.079792	2953.246094
